Steady State Results from "linear_sides_demo_ss.json" @ 2022-11-26 21:04:27 - Time Taken 31.9592[s]
303.831 0.0121017 -3.46527e+09 2.1866e+07 1.27467e+07 2.28147e+07
303.916 0.0110801 -3.50185e+09 2.53982e+07 -2.90341e+07 2.51211e+07
303.814 0.0131963 -3.49218e+09 2.63163e+07 -2.11812e+07 2.51347e+07
303.725 0.0106106 -3.41819e+09 2.31965e+07 -8.39696e+06 2.17199e+07
303.73 0.016579 -3.35983e+09 3.00959e+07 1.77795e+07 2.60656e+07
303.77 0.0152297 -3.28583e+09 3.10777e+07 2.59835e+07 3.37861e+07
303.705 0.0145276 -3.35999e+09 2.86989e+07 7.48083e+07 3.06214e+07
303.783 0.018018 -3.38719e+09 2.63905e+07 6.16967e+07 2.67837e+07
303.769 0.0182795 -3.36688e+09 3.09636e+07 9.5401e+07 2.33251e+07
303.841 0.0198878 -3.46649e+09 3.38066e+07 3.02403e+07 2.53266e+07
304.327 0.0214438 -3.53611e+09 2.57813e+07 -1.28158e+07 2.68249e+07
304.082 0.0151819 -3.42558e+09 2.37396e+07 7.4687e+06 3.02913e+07
304.246 0.0165692 -3.4432e+09 3.02344e+07 -2.89206e+07 2.38744e+07
304.231 0.0161676 -3.40498e+09 2.77381e+07 -6.67371e+07 3.02966e+07
304.269 0.0191908 -3.37675e+09 2.531e+07 -1.33019e+08 2.59889e+07
304.227 0.0175805 -3.30682e+09 3.13677e+07 -4.69419e+07 2.39498e+07
304.107 0.0161211 -3.39144e+09 2.80263e+07 -5.08748e+07 3.06495e+07
304.294 0.0213296 -3.44412e+09 3.18577e+07 2.08834e+07 2.70363e+07
304.19 0.0136489 -3.39732e+09 2.97403e+07 1.19909e+06 3.36133e+07
304.212 0.0231268 -3.50165e+09 3.30614e+07 -6.34864e+07 2.54902e+07
304.847 0.01706 -3.50101e+09 3.27276e+07 -3.69026e+07 3.11861e+07
304.772 0.0153981 -3.46559e+09 3.47772e+07 -3.17665e+07 2.8756e+07
304.754 0.0176243 -3.47285e+09 3.47318e+07 -1.89511e+07 3.39529e+07
304.578 0.0147799 -3.36561e+09 3.05325e+07 -3.07761e+07 3.09829e+07
304.58 0.016078 -3.39622e+09 3.30592e+07 1.89561e+07 2.93001e+07
304.674 0.0206151 -3.39303e+09 3.26162e+07 -3.93683e+07 2.23398e+07
304.64 0.0173724 -3.43049e+09 2.7855e+07 2.12408e+07 2.45038e+07
304.847 0.0158922 -3.58534e+09 3.0952e+07 -3.60158e+07 3.00037e+07
304.691 0.0147408 -3.43658e+09 3.0068e+07 1.64906e+07 2.87113e+07
304.769 0.0151122 -3.50235e+09 2.88195e+07 2.32629e+07 2.42498e+07
305.112 0.0148868 -3.42569e+09 3.09141e+07 1.77666e+07 3.16456e+07
305.139 0.0186922 -3.46103e+09 3.86802e+07 -1.97373e+07 3.96722e+07
305.143 0.0222391 -3.44905e+09 3.91242e+07 -2.77603e+07 2.94153e+07
305.144 0.0166574 -3.44162e+09 3.7549e+07 -8.15445e+07 3.55495e+07
305.164 0.0161323 -3.4764e+09 3.5979e+07 -3.2855e+07 2.7902e+07
305.17 0.0143855 -3.35355e+09 3.14619e+07 -6.63162e+06 2.8262e+07
305.236 0.0154993 -3.4305e+09 3.07585e+07 -2.20943e+07 2.77659e+07
305.213 0.0187157 -3.52225e+09 2.93839e+07 -7.43432e+07 3.1917e+07
305.126 0.0162749 -3.53337e+09 3.32332e+07 -5.75651e+07 2.43061e+07
305.205 0.0152386 -3.52514e+09 2.58585e+07 -5.37177e+06 2.68174e+07
305.468 0.016588 -3.4232e+09 3.43817e+07 -7.18277e+06 2.74889e+07
305.463 0.0124605 -3.50094e+09 3.35833e+07 3.04789e+07 3.34276e+07
305.648 0.0172499 -3.47066e+09 3.72725e+07 -1.42393e+07 2.94403e+07
305.633 0.0173199 -3.50246e+09 4.30142e+07 3.44158e+07 3.19819e+07
305.607 0.02155 -3.46207e+09 3.85758e+07 2.41032e+07 2.53138e+07
305.747 0.0183384 -3.4114e+09 3.12062e+07 -2.44919e+07 3.45501e+07
305.583 0.0191786 -3.4162e+09 3.75559e+07 -1.24599e+07 3.77591e+07
305.696 0.0145005 -3.59203e+09 3.00718e+07 1.43786e+07 2.69219e+07
305.598 0.0193811 -3.50256e+09 3.57975e+07 1.08653e+08 4.15482e+07
305.724 0.0146568 -3.42543e+09 3.38692e+07 2.58862e+07 3.66989e+07
305.808 0.0258785 -3.41275e+09 3.11725e+07 -5.8928e+07 3.06803e+07
305.945 0.0174599 -3.52522e+09 3.27141e+07 -1.12273e+07 3.24363e+07
305.905 0.0239808 -3.46967e+09 3.13784e+07 -3.8154e+07 3.50616e+07
306.06 0.0193761 -3.5436e+09 4.03029e+07 -5.48116e+07 3.3977e+07
305.932 0.0209222 -3.45886e+09 3.83452e+07 -3.16973e+07 2.95976e+07
306.125 0.017114 -3.42433e+09 3.81663e+07 -1.00033e+08 3.51875e+07
305.936 0.0206846 -3.36735e+09 3.83757e+07 -1.89626e+07 2.78121e+07
305.951 0.0224878 -3.55964e+09 3.26814e+07 8.55918e+06 3.3331e+07
306.162 0.0172174 -3.58144e+09 3.65349e+07 -1.10423e+08 3.41051e+07
306.003 0.0172251 -3.33512e+09 3.74616e+07 -3.9403e+07 3.2192e+07
306.441 0.0142647 -3.51104e+09 4.18771e+07 1.03535e+08 3.51283e+07
306.215 0.0154463 -3.26559e+09 4.126e+07 6.244e+07 3.42707e+07
306.317 0.0197626 -3.58545e+09 3.73505e+07 -7.76379e+07 3.45103e+07
306.414 0.0232702 -3.57001e+09 3.31216e+07 1.73589e+07 3.31033e+07
306.467 0.0192844 -3.48066e+09 3.41887e+07 2.89611e+07 3.28942e+07
306.335 0.0203828 -3.40595e+09 3.83248e+07 1.67071e+07 3.26468e+07
306.488 0.0185585 -3.3856e+09 3.5593e+07 4.28962e+07 3.77355e+07
306.478 0.0224032 -3.586e+09 4.56961e+07 1.39109e+08 3.32946e+07
306.235 0.0202791 -3.39959e+09 3.76322e+07 5.09847e+07 3.90151e+07
306.213 0.0160485 -3.40861e+09 3.70957e+07 -3.98497e+06 3.90644e+07
306.832 0.0205458 -3.45852e+09 3.80603e+07 -6.43778e+07 3.00389e+07
306.799 0.0172631 -3.28163e+09 4.07936e+07 -1.35833e+08 4.69891e+07
306.99 0.0189991 -3.67465e+09 3.55319e+07 -4.88763e+07 4.29751e+07
306.894 0.0201229 -3.53416e+09 3.63459e+07 -3.37698e+07 3.45913e+07
306.855 0.0148711 -3.43293e+09 3.32995e+07 -1.30314e+08 3.48043e+07
306.802 0.0261959 -3.48046e+09 3.56803e+07 -4.18008e+07 3.92356e+07
306.925 0.0150276 -3.52922e+09 3.87141e+07 4.01791e+07 4.46913e+07
306.912 0.0222998 -3.51417e+09 4.34269e+07 4.85288e+07 3.66985e+07
306.663 0.0182356 -3.41348e+09 3.23438e+07 -5.17791e+07 3.91584e+07
306.611 0.0180352 -3.36311e+09 3.43299e+07 6.65523e+07 3.31885e+07
307.2 0.0184911 -3.45271e+09 3.91676e+07 3.67594e+07 3.54563e+07
307.104 0.0213233 -3.33665e+09 3.88023e+07 9.44114e+07 4.00444e+07
307.532 0.0236511 -3.55307e+09 4.18734e+07 6.43105e+07 4.2107e+07
307.34 0.0179222 -3.54226e+09 3.54518e+07 -7.17727e+06 4.21077e+07
307.321 0.0222235 -3.48287e+09 3.90045e+07 2.13869e+07 4.06125e+07
307.272 0.0186258 -3.50297e+09 4.33664e+07 -1.13748e+08 4.12503e+07
307.287 0.0188463 -3.48699e+09 3.61677e+07 -2.84222e+07 3.95341e+07
307.528 0.0209109 -3.47328e+09 4.08592e+07 -1.61732e+07 3.6079e+07
307.244 0.0213066 -3.45109e+09 3.45932e+07 1.82474e+07 3.5577e+07
307.41 0.0250287 -3.45079e+09 3.43615e+07 -8.2394e+07 4.03085e+07
307.573 0.0184672 -3.4552e+09 3.5774e+07 -7.98743e+07 4.14466e+07
307.515 0.01803 -3.49872e+09 3.41493e+07 6.34656e+07 4.45755e+07
307.761 0.0181256 -3.46559e+09 4.06618e+07 1.8311e+08 3.36639e+07
307.825 0.0235364 -3.51061e+09 5.15794e+07 1.32992e+07 3.66773e+07
307.804 0.0308034 -3.46301e+09 4.22842e+07 -3.19863e+07 4.19061e+07
307.699 0.0195973 -3.54778e+09 4.06759e+07 6.31047e+07 3.90396e+07
307.931 0.0211661 -3.55252e+09 3.45941e+07 559613 3.61112e+07
307.567 0.0165527 -3.4953e+09 4.42398e+07 -1.73769e+08 3.74676e+07
307.631 0.0135525 -3.49514e+09 4.00757e+07 -1.28017e+08 4.66198e+07
307.651 0.0288022 -3.48049e+09 4.06674e+07 -3.27764e+07 3.69479e+07
308.042 0.0199952 -3.36594e+09 3.87192e+07 -3.84581e+07 4.51203e+07
308.046 0.0281958 -3.66851e+09 4.05298e+07 1.48135e+07 4.04142e+07
308.112 0.0237137 -3.42135e+09 4.90536e+07 1.44914e+08 4.51349e+07
307.999 0.0292147 -3.33883e+09 4.26569e+07 5.14465e+07 3.85288e+07
308.184 0.0290445 -3.54115e+09 4.07062e+07 -3.12718e+07 4.27415e+07
308.25 0.0187015 -3.49435e+09 3.83644e+07 8.00818e+07 4.82567e+07
308.215 0.0253838 -3.56322e+09 4.57591e+07 -5.99319e+07 4.17248e+07
308.277 0.0250358 -3.50182e+09 4.0974e+07 -7.85076e+07 3.70444e+07
308.2 0.0210218 -3.54802e+09 5.60695e+07 1.74139e+07 4.5248e+07
308.368 0.0258961 -3.49431e+09 3.61035e+07 4.38595e+07 3.96841e+07
308.616 0.0249566 -3.41832e+09 4.55556e+07 -9.70174e+07 4.59814e+07
308.459 0.0230449 -3.71297e+09 4.29777e+07 -3.87015e+07 3.63447e+07
308.499 0.0257053 -3.399e+09 4.03611e+07 -2.69807e+07 4.08335e+07
308.751 0.0251309 -3.38098e+09 4.51956e+07 1.01923e+08 4.45431e+07
308.666 0.0225338 -3.56072e+09 3.96076e+07 3.33605e+07 4.99122e+07
308.731 0.0215421 -3.49853e+09 4.30908e+07 5.40452e+06 4.05984e+07
308.82 0.0243913 -3.60719e+09 5.83268e+07 -3.39164e+07 4.45601e+07
308.534 0.0272679 -3.49337e+09 4.5049e+07 1.65446e+06 4.18107e+07
308.636 0.0237856 -3.60002e+09 5.0549e+07 -296989 4.75798e+07
308.76 0.0239559 -3.455e+09 4.93983e+07 1.35554e+07 4.07988e+07
308.944 0.0207656 -3.48854e+09 4.89551e+07 1.46783e+08 4.56987e+07
309.081 0.0181048 -3.58111e+09 4.72045e+07 1.48244e+08 3.88277e+07
308.94 0.0276558 -3.41529e+09 4.66157e+07 8.21617e+06 4.01048e+07
309.095 0.0214157 -3.49844e+09 5.72726e+07 -6.16912e+07 5.23295e+07
309.066 0.0241572 -3.5204e+09 3.78375e+07 -1.436e+07 5.09419e+07
309.218 0.022266 -3.5192e+09 4.59327e+07 -1.76365e+08 4.52798e+07
309.108 0.0233707 -3.61166e+09 4.6241e+07 -1.77003e+08 4.83954e+07
309.162 0.0220707 -3.55548e+09 5.06123e+07 -1.73613e+08 5.73552e+07
309.118 0.0176378 -3.62421e+09 4.1252e+07 -4.76431e+07 4.0778e+07
309.259 0.0242443 -3.45698e+09 4.83976e+07 -7.97313e+07 4.04259e+07
309.569 0.0180207 -3.60019e+09 4.44457e+07 -2.12453e+07 5.3325e+07
309.509 0.0210373 -3.58395e+09 5.23873e+07 -1.13966e+08 4.9083e+07
309.503 0.0258545 -3.3345e+09 3.97822e+07 -2.90971e+07 4.42158e+07
309.41 0.0251301 -3.47138e+09 5.42222e+07 -6.64312e+07 4.15409e+07
309.496 0.020543 -3.63007e+09 4.71719e+07 2.23264e+06 4.73423e+07
309.449 0.0257312 -3.47008e+09 4.53871e+07 -8.22369e+07 4.89264e+07
309.54 0.0245909 -3.61778e+09 4.43851e+07 -1.05941e+08 5.22545e+07
309.877 0.0306536 -3.63803e+09 4.64804e+07 9.01071e+07 4.88198e+07
309.582 0.0312722 -3.57561e+09 4.30321e+07 -2.59143e+07 4.65337e+07
309.534 0.0215715 -3.41469e+09 5.36468e+07 -3.60288e+06 5.44183e+07
309.983 0.025004 -3.54487e+09 3.41425e+07 -6.2592e+07 4.65238e+07
310.041 0.0239727 -3.46003e+09 5.49666e+07 -1.81058e+07 6.01225e+07
310.028 0.0413427 -3.41255e+09 4.72896e+07 -1.45253e+08 4.39343e+07
310.096 0.0285819 -3.46932e+09 5.14827e+07 -936727 4.48642e+07
310.04 0.0235238 -3.56499e+09 3.70673e+07 -2.40238e+08 4.40082e+07
310.024 0.0233546 -3.42667e+09 4.94883e+07 -3.30879e+07 4.11708e+07
309.927 0.0260243 -3.56856e+09 4.11755e+07 -6.11424e+07 4.6127e+07
309.971 0.0245013 -3.65866e+09 5.12526e+07 -2.55388e+07 4.40978e+07
310.199 0.0202887 -3.6792e+09 3.92548e+07 -3.55898e+07 4.79743e+07
310.079 0.0244277 -3.44669e+09 5.30857e+07 1.34775e+07 5.28655e+07
310.204 0.0182475 -3.49573e+09 3.93402e+07 1.4304e+08 5.17536e+07
310.435 0.0219029 -3.24362e+09 5.2725e+07 3.94281e+07 6.33271e+07
310.698 0.0259258 -3.48722e+09 4.39304e+07 -7.09889e+07 5.83395e+07
310.601 0.0288044 -3.47568e+09 4.14493e+07 -5.77538e+07 5.54776e+07
310.839 0.030405 -3.62349e+09 4.84873e+07 8.6085e+07 4.77439e+07
310.573 0.0265324 -3.54359e+09 5.14335e+07 3.61156e+07 5.26994e+07
310.458 0.0230204 -3.47313e+09 6.24308e+07 2.86727e+07 5.80365e+07
310.656 0.0186517 -3.72716e+09 5.16219e+07 -8.99552e+07 3.79773e+07
310.625 0.0273782 -3.6995e+09 4.36044e+07 -1.31487e+07 5.22792e+07
310.439 0.0275488 -3.47277e+09 4.25034e+07 2.93261e+07 6.39629e+07
310.781 0.0226466 -3.60378e+09 4.49057e+07 -9.97997e+07 4.85414e+07
310.963 0.0313263 -3.20624e+09 4.84162e+07 -1.06948e+06 4.82923e+07
310.975 0.0268702 -3.48247e+09 5.88933e+07 -4.17317e+07 5.03071e+07
310.997 0.0235962 -3.56078e+09 5.40663e+07 5.55438e+07 4.26624e+07
311.325 0.0245044 -3.60554e+09 4.43631e+07 7.37006e+07 5.28332e+07
311.101 0.0162389 -3.48367e+09 5.97837e+07 1.98251e+07 4.40435e+07
311.117 0.0218153 -3.52308e+09 5.7734e+07 8.97658e+07 4.45144e+07
311.073 0.0270172 -3.72999e+09 4.59157e+07 1.88838e+08 5.0154e+07
310.973 0.0166361 -3.51538e+09 5.54016e+07 -5.9077e+07 5.34904e+07
310.731 0.0227022 -3.60533e+09 4.07322e+07 -1.15365e+08 5.41504e+07
311.235 0.0294385 -3.45471e+09 6.15969e+07 -1.18825e+08 4.12411e+07
311.429 0.0222806 -3.29996e+09 5.87162e+07 -3.38958e+08 5.6772e+07
311.494 0.0228503 -3.7505e+09 4.86276e+07 -2.14754e+07 4.99199e+07
311.464 0.0343487 -3.52224e+09 5.60665e+07 2.19715e+07 4.41825e+07
311.515 0.0212063 -3.51941e+09 5.13221e+07 2.17098e+07 5.15794e+07
311.605 0.0255986 -3.54583e+09 4.89099e+07 -1.06345e+08 5.10765e+07
311.38 0.0281364 -3.42755e+09 4.68968e+07 3.1567e+07 4.64717e+07
311.602 0.0250119 -3.64541e+09 5.70035e+07 2.54766e+07 5.17191e+07
311.395 0.0272202 -3.48904e+09 5.7612e+07 1.07957e+08 4.46839e+07
311.546 0.0249293 -3.49758e+09 4.64752e+07 1.25735e+08 4.97948e+07
311.763 0.0240606 -3.24817e+09 4.93143e+07 -1.50983e+07 5.41802e+07
311.789 0.0250374 -3.3998e+09 5.98852e+07 9.86128e+07 4.57642e+07
311.855 0.0391876 -3.50098e+09 4.51618e+07 -1.04849e+08 4.96717e+07
311.983 0.025172 -3.85639e+09 5.50035e+07 -5.82446e+07 5.61306e+07
312.082 0.0294072 -3.52404e+09 5.89487e+07 1.77223e+07 4.34697e+07
311.99 0.0274851 -3.52315e+09 5.30086e+07 3.26312e+07 4.27075e+07
311.842 0.0271432 -3.4817e+09 5.91933e+07 3.16095e+08 5.27546e+07
311.873 0.0241723 -3.50097e+09 5.35851e+07 4.98915e+07 5.95501e+07
311.803 0.0225513 -3.3448e+09 5.88094e+07 -6.52827e+07 5.45575e+07
311.643 0.025007 -3.26798e+09 6.00551e+07 -2.50827e+07 4.88982e+07
312.12 0.0298492 -3.13774e+09 5.24715e+07 -1.72172e+08 4.98054e+07
312.341 0.0307112 -3.50517e+09 5.82444e+07 -2.7398e+07 5.58408e+07
312.34 0.028489 -3.49913e+09 4.31921e+07 8.90807e+07 5.97525e+07
312.273 0.0328335 -3.65685e+09 6.01183e+07 -7.55069e+07 5.60316e+07
312.442 0.0287608 -3.84336e+09 5.8855e+07 -3.09947e+08 5.36996e+07
312.674 0.0360941 -3.69506e+09 6.28043e+07 -8.41012e+07 5.3593e+07
312.289 0.0307369 -3.63728e+09 5.63905e+07 1.53934e+07 6.76388e+07
312.127 0.0231423 -3.26566e+09 4.41303e+07 1.14954e+08 6.15924e+07
312.278 0.0283687 -3.23686e+09 4.21386e+07 4.76254e+07 6.34709e+07
312.079 0.0234755 -3.48219e+09 7.21041e+07 -1.31265e+07 4.44967e+07
312.495 0.0224942 -3.17165e+09 6.38217e+07 6.58283e+07 5.95086e+07
312.736 0.0238241 -3.45835e+09 6.54462e+07 4.04804e+07 5.55604e+07
312.911 0.0311669 -3.61485e+09 4.09207e+07 -8.84472e+07 5.65512e+07
313.19 0.0332568 -3.6834e+09 5.38446e+07 -9.28398e+07 6.0594e+07
313.237 0.0378691 -3.55974e+09 4.98883e+07 -2.05101e+08 5.47206e+07
313.253 0.0241859 -3.76902e+09 5.93608e+07 -6.14177e+07 5.09654e+07
313.044 0.0285259 -3.81367e+09 6.64722e+07 -9.96686e+06 6.17084e+07
312.883 0.0292385 -3.27343e+09 6.15987e+07 4.84468e+07 4.81294e+07
312.915 0.0243632 -3.38291e+09 6.66435e+07 1.48647e+08 5.56413e+07
312.67 0.0244285 -3.30538e+09 6.03344e+07 -1.25179e+08 5.57821e+07
313.367 0.0256072 -3.25343e+09 5.20727e+07 -5.86648e+07 5.45098e+07
313.613 0.0264231 -3.46962e+09 6.71488e+07 -1.43287e+08 4.78522e+07
313.746 0.0288774 -3.60656e+09 5.17927e+07 -9.54024e+07 6.29738e+07
313.751 0.0340354 -3.61903e+09 5.64308e+07 -2.5318e+08 6.45459e+07
313.77 0.042894 -3.84812e+09 5.67645e+07 1.65935e+07 5.62032e+07
313.66 0.0260706 -3.75246e+09 6.00181e+07 -5.36378e+07 5.88304e+07
313.733 0.0289818 -3.76778e+09 5.33317e+07 -7.01788e+07 5.7401e+07
313.511 0.0314113 -3.47003e+09 7.27422e+07 1.31579e+08 6.32336e+07
313.289 0.0370704 -3.28018e+09 6.70078e+07 1.52739e+08 6.45886e+07
312.975 0.0256584 -3.17363e+09 5.52343e+07 1.04683e+08 5.37396e+07
313.892 0.0248755 -3.16425e+09 5.92677e+07 2.10693e+07 4.92995e+07
314.166 0.0416226 -3.37691e+09 5.7128e+07 -6.97774e+07 5.53941e+07
314.483 0.0393826 -3.59009e+09 6.22104e+07 -2.51892e+08 5.47802e+07
314.32 0.0245102 -3.9032e+09 5.94444e+07 -4.4716e+08 6.91804e+07
314.288 0.0482861 -4.01279e+09 5.63599e+07 -2.27422e+08 5.36676e+07
313.988 0.0425265 -3.7793e+09 5.76056e+07 -1.44541e+08 5.34208e+07
314.521 0.0364591 -3.7748e+09 5.83856e+07 -2.06464e+08 6.45193e+07
314.151 0.0216858 -3.76613e+09 5.5382e+07 -1.34034e+08 5.66405e+07
313.891 0.0235496 -3.17987e+09 5.4709e+07 -1.07465e+08 4.78264e+07
313.866 0.0259409 -3.08086e+09 7.00017e+07 4.31783e+07 6.41338e+07
314.468 0.0284147 -3.12094e+09 7.07332e+07 -9.04641e+07 7.25858e+07
314.616 0.0380975 -3.30257e+09 5.19561e+07 -860534 6.7729e+07
314.829 0.0312613 -3.72029e+09 5.60598e+07 -3.75484e+07 6.04404e+07
314.967 0.0307951 -4.00998e+09 5.85286e+07 -3.75481e+07 6.85394e+07
314.873 0.0321955 -3.97482e+09 6.61415e+07 4.86968e+07 7.01651e+07
314.791 0.0368317 -4.01769e+09 6.49673e+07 -1.56278e+08 5.46347e+07
315.109 0.0275187 -3.79151e+09 6.00171e+07 9.70294e+07 5.05806e+07
314.624 0.0226431 -3.57718e+09 6.05981e+07 -3.26895e+07 4.90305e+07
314.241 0.0330552 -3.20049e+09 5.46313e+07 -7.33721e+07 5.88721e+07
314.452 0.0367372 -3.02084e+09 6.28258e+07 -9.60048e+07 5.87013e+07
314.779 0.0231042 -3.17014e+09 5.69302e+07 5.32576e+07 7.19206e+07
314.892 0.023944 -3.36672e+09 5.89265e+07 -6.46157e+07 5.77466e+07
315.585 0.0233861 -3.68921e+09 6.87436e+07 -1.77025e+08 7.12373e+07
315.604 0.020835 -4.06821e+09 5.90517e+07 -1.00715e+08 5.10077e+07
315.384 0.030988 -3.83395e+09 6.731e+07 -4.0674e+08 6.54105e+07
315.442 0.0355793 -4.15104e+09 7.0592e+07 -2.03815e+08 5.77407e+07
315.623 0.0278848 -3.80367e+09 6.7191e+07 -7.20885e+07 6.41508e+07
314.966 0.0285312 -3.50785e+09 6.06206e+07 3.14157e+07 7.04601e+07
314.732 0.0308026 -3.1658e+09 6.05428e+07 1.34755e+08 6.00916e+07
315.022 0.0334365 -2.99726e+09 6.28672e+07 -1.84678e+07 5.81262e+07
315.353 0.0274147 -3.14437e+09 5.21887e+07 2.00375e+07 6.63565e+07
315.356 0.0318551 -3.07477e+09 6.32144e+07 -1.06305e+08 5.51193e+07
315.725 0.0266759 -3.82966e+09 6.71137e+07 -4.56277e+06 5.60428e+07
315.831 0.0401847 -3.79161e+09 7.47764e+07 -7.78134e+07 5.47581e+07
316.114 0.0244763 -4.08591e+09 6.50858e+07 7.11859e+07 6.94571e+07
316.22 0.0376331 -4.22645e+09 5.72339e+07 2.44819e+08 7.56408e+07
315.881 0.0260745 -3.66971e+09 6.91127e+07 7.87803e+07 6.80409e+07
315.872 0.0229006 -3.51125e+09 6.39543e+07 -1.54095e+08 6.41008e+07
315.704 0.0356539 -3.23285e+09 5.78064e+07 -1.90551e+07 6.33472e+07
315.356 0.0200367 -3.10635e+09 7.06488e+07 1.11809e+08 6.85638e+07
315.951 0.0242856 -3.02759e+09 7.27889e+07 -6.22345e+07 6.57002e+07
315.985 0.0270218 -3.30473e+09 6.91298e+07 3.14358e+07 7.29345e+07
316.821 0.0353372 -3.73482e+09 6.49334e+07 2.63624e+08 7.33467e+07
316.89 0.0385512 -3.81604e+09 5.85873e+07 5.70464e+07 8.12728e+07
316.911 0.0277875 -4.00882e+09 6.35183e+07 -1.16205e+08 6.94535e+07
316.754 0.0273386 -4.01851e+09 6.14414e+07 -3.50749e+08 7.74069e+07
316.468 0.0295324 -3.74427e+09 6.60575e+07 -3.51192e+08 6.92186e+07
315.989 0.0270208 -3.58426e+09 5.76035e+07 -1.7877e+08 6.89565e+07
316.13 0.0378672 -3.456e+09 6.93069e+07 1.15827e+08 6.19968e+07
315.426 0.0237604 -2.8778e+09 6.03693e+07 9.72107e+07 6.62873e+07
316.524 0.0437353 -2.90967e+09 6.59413e+07 -7.19802e+07 6.95353e+07
316.766 0.0406322 -3.39868e+09 6.95649e+07 2.1418e+08 7.13123e+07
317.195 0.0351956 -3.81724e+09 5.8546e+07 4.42182e+08 7.69812e+07
316.887 0.0325605 -3.63787e+09 5.44953e+07 5.34786e+08 6.42517e+07
317.056 0.0289914 -3.64693e+09 5.51297e+07 3.08125e+08 7.55798e+07
317.137 0.0442886 -3.66175e+09 7.30395e+07 -2.17124e+08 6.96169e+07
317.088 0.0472128 -3.5502e+09 6.49685e+07 -4.05798e+08 5.98167e+07
317.277 0.021835 -3.89088e+09 6.35577e+07 -1.98327e+08 6.56452e+07
316.836 0.0395366 -3.59961e+09 7.05549e+07 -3.70531e+07 7.59157e+07
316.258 0.0295585 -2.92385e+09 6.24046e+07 7.60677e+07 7.42591e+07
316.968 0.0221111 -2.856e+09 6.70269e+07 1.04788e+08 6.74899e+07
318.05 0.0339704 -4.01079e+09 8.03982e+07 6.07108e+08 6.75461e+07
318.098 0.0265179 -3.60581e+09 5.81062e+07 6.35997e+08 7.38276e+07
317.867 0.0360082 -3.49486e+09 6.31548e+07 3.63089e+08 7.30603e+07
317.749 0.0338404 -3.27375e+09 6.17155e+07 6.58179e+07 8.46103e+07
318.166 0.0300388 -3.41706e+09 5.91479e+07 -1.55993e+08 7.33423e+07
317.624 0.0402941 -3.5541e+09 7.08883e+07 -4.29895e+08 6.68682e+07
317.919 0.0347044 -3.86245e+09 6.63602e+07 -5.32913e+08 7.34442e+07
317.791 0.0280767 -3.81375e+09 8.45382e+07 -7.80163e+08 7.09451e+07
316.769 0.0276419 -2.97253e+09 6.98652e+07 -3.70409e+08 6.98577e+07
318.477 0.0311457 -3.76624e+09 6.70331e+07 9.72101e+08 7.70959e+07
318.585 0.0382996 -3.89902e+09 5.80368e+07 1.19826e+09 7.76085e+07
318.465 0.031667 -3.52491e+09 9.21918e+07 1.18021e+09 8.14067e+07
318.228 0.0350994 -2.97778e+09 7.01916e+07 6.10934e+08 6.06753e+07
318.073 0.0404789 -3.1256e+09 5.98904e+07 2.55807e+08 6.05141e+07
318.051 0.0288261 -2.93248e+09 7.04797e+07 -2.7135e+08 6.6553e+07
318.279 0.0370869 -3.34116e+09 5.70404e+07 -6.17643e+08 7.51292e+07
318.402 0.0425663 -3.65318e+09 7.05531e+07 -1.10595e+09 8.5039e+07
318.881 0.0348279 -3.79097e+09 7.60221e+07 -1.40934e+09 8.94423e+07
318.412 0.0544169 -4.09724e+09 6.45494e+07 -1.10372e+09 7.58441e+07
321.365 0.0379283 -3.00248e+09 8.16721e+07 4.28561e+09 8.00422e+07
319.839 0.0349613 -3.20332e+09 6.66389e+07 2.86902e+09 6.42438e+07
319.611 0.0346766 -2.96188e+09 7.30694e+07 1.66133e+09 6.76368e+07
318.791 0.0465747 -2.34402e+09 7.73817e+07 1.33207e+09 6.44298e+07
318.685 0.0286345 -2.65414e+09 7.36892e+07 5.28601e+08 7.61233e+07
318.478 0.0289374 -2.45654e+09 7.65497e+07 -3.04474e+08 6.09591e+07
319.16 0.0288532 -2.59782e+09 6.65897e+07 -9.39964e+08 5.72955e+07
319.233 0.0517454 -3.18864e+09 9.49904e+07 -1.87339e+09 7.2591e+07
319.98 0.0372675 -3.2693e+09 7.77126e+07 -2.58537e+09 7.95003e+07
321.551 0.0391424 -3.07564e+09 6.31695e+07 -4.45295e+09 7.33587e+07
322.834 0.043668 -8.84354e+08 9.12012e+07 5.2661e+09 8.36261e+07
321.148 0.0390623 -1.9329e+09 6.03616e+07 3.61436e+09 6.8864e+07
320.1 0.0291836 -1.93547e+09 8.03838e+07 2.70104e+09 6.49192e+07
319.308 0.0325303 -1.71248e+09 7.11572e+07 1.51542e+09 7.21513e+07
319.188 0.0290993 -1.65084e+09 6.73568e+07 5.30243e+08 7.86063e+07
319.389 0.0324948 -1.54618e+09 7.24643e+07 -1.59424e+08 9.02389e+07
319.695 0.0259951 -1.693e+09 5.79558e+07 -1.26235e+09 7.09887e+07
319.975 0.0353813 -2.15879e+09 7.86292e+07 -2.37933e+09 5.65166e+07
321.114 0.041324 -1.86165e+09 5.77217e+07 -4.04223e+09 6.94129e+07
322.851 0.0320252 -9.33307e+08 8.1429e+07 -5.40465e+09 6.78572e+07
323.278 0.042611 1.5454e+08 7.40162e+07 5.38411e+09 7.24067e+07
321.768 0.0422537 -6.6305e+08 6.42127e+07 4.33249e+09 8.48006e+07
320.372 0.0411156 -8.93899e+08 7.93011e+07 3.08169e+09 9.10698e+07
319.832 0.0307785 -4.87068e+08 6.6857e+07 1.92152e+09 7.53261e+07
319.679 0.0220603 -3.91517e+08 7.45373e+07 6.1829e+08 9.034e+07
319.493 0.0518872 -4.78054e+08 6.98799e+07 -6.64761e+08 6.21373e+07
319.927 0.0373453 -5.50581e+08 6.38429e+07 -1.97447e+09 7.11461e+07
320.725 0.0271159 -9.21151e+08 6.50971e+07 -3.29223e+09 7.62995e+07
321.665 0.03683 -5.08166e+08 7.42233e+07 -4.48851e+09 7.82942e+07
322.865 0.0320701 -1.18653e+07 8.15818e+07 -5.40372e+09 8.46611e+07
323.7 0.03576 8.99628e+08 8.56173e+07 5.37291e+09 6.44305e+07
321.903 0.0490917 4.07069e+08 6.01061e+07 4.7522e+09 7.58105e+07
320.677 0.0426638 7.71956e+08 6.06648e+07 3.41744e+09 6.98506e+07
319.672 0.0467859 7.81895e+08 7.33348e+07 1.86578e+09 8.15726e+07
319.547 0.0390041 8.17551e+08 8.17157e+07 7.37923e+08 8.77119e+07
319.573 0.0412871 5.89753e+08 7.52753e+07 -5.21176e+08 6.9604e+07
319.978 0.0402924 8.64127e+08 7.43285e+07 -1.80152e+09 8.25726e+07
320.886 0.0426035 4.97632e+08 7.32737e+07 -3.20718e+09 8.97012e+07
322.163 0.0364379 5.75423e+08 7.85553e+07 -4.64084e+09 7.42835e+07
322.911 0.0378521 5.60014e+08 8.37861e+07 -5.46874e+09 8.78838e+07
323 0.0326709 1.64565e+09 6.82793e+07 5.58897e+09 9.14793e+07
321.627 0.0597476 1.60747e+09 7.30847e+07 4.58157e+09 7.80584e+07
320.738 0.0409868 1.92563e+09 7.43001e+07 3.43182e+09 7.60008e+07
319.798 0.0368818 2.17504e+09 5.956e+07 2.30671e+09 7.7924e+07
319.415 0.039474 2.16344e+09 6.55715e+07 7.86212e+08 6.67608e+07
319.266 0.0306303 2.13225e+09 8.55505e+07 -9.3193e+08 7.92845e+07
319.841 0.0481214 2.01634e+09 6.94357e+07 -2.19547e+09 7.18512e+07
320.652 0.0339053 1.98404e+09 8.02393e+07 -3.53194e+09 7.22111e+07
321.884 0.0585398 1.64186e+09 7.93135e+07 -4.69067e+09 7.51076e+07
323.203 0.0316992 1.53381e+09 7.8009e+07 -5.82103e+09 8.23783e+07
322.625 0.0427683 2.53411e+09 7.13721e+07 5.64958e+09 9.12332e+07
321.142 0.0653555 2.92208e+09 8.34991e+07 4.70198e+09 7.70361e+07
320.131 0.0396694 3.19265e+09 7.64815e+07 3.58459e+09 7.80505e+07
319.289 0.0398153 3.71541e+09 9.04255e+07 2.07433e+09 7.71055e+07
318.702 0.0370242 3.73847e+09 7.45486e+07 6.10195e+08 8.01207e+07
318.518 0.0390081 3.57266e+09 9.08131e+07 -8.73139e+08 6.63667e+07
319.078 0.0336162 3.37824e+09 7.36755e+07 -2.56547e+09 7.94234e+07
320.252 0.0377176 3.35955e+09 7.17735e+07 -3.70146e+09 8.47847e+07
321.331 0.0392056 2.88217e+09 7.00697e+07 -5.04719e+09 6.91271e+07
322.789 0.0406852 2.28577e+09 7.90784e+07 -5.8029e+09 7.82562e+07
322.275 0.0360582 3.24554e+09 6.82893e+07 6.49586e+09 8.20289e+07
320.687 0.0410727 4.05121e+09 7.18725e+07 5.30167e+09 8.01226e+07
319.051 0.0438353 4.80288e+09 7.64774e+07 3.78287e+09 7.16613e+07
318.306 0.0448413 5.29999e+09 7.28249e+07 2.09054e+09 9.40975e+07
317.513 0.0377168 5.18622e+09 7.93101e+07 6.9817e+08 7.76466e+07
317.706 0.0396119 4.889e+09 8.54917e+07 -8.47417e+08 6.69332e+07
318.091 0.0343467 5.13764e+09 7.41304e+07 -2.36893e+09 7.14094e+07
319.025 0.0392043 4.54676e+09 6.59461e+07 -3.88862e+09 7.71275e+07
320.558 0.0335266 4.13429e+09 6.90733e+07 -4.95887e+09 6.52071e+07
322.142 0.0404467 3.13348e+09 7.70647e+07 -6.33693e+09 7.78245e+07
321.345 0.0553904 4.05634e+09 8.95746e+07 6.98605e+09 8.29524e+07
319.307 0.0500095 5.79945e+09 7.75385e+07 5.3429e+09 7.78918e+07
317.793 0.0325971 6.42714e+09 7.54438e+07 3.52437e+09 7.48036e+07
316.518 0.0430228 6.84564e+09 7.51388e+07 2.15519e+09 6.67891e+07
315.878 0.0356193 6.58283e+09 7.40962e+07 6.69451e+08 8.49984e+07
316.169 0.0388226 6.46436e+09 7.45399e+07 -7.68175e+08 8.56854e+07
317.006 0.0354315 6.38708e+09 6.42925e+07 -2.32092e+09 8.08769e+07
318.182 0.0425382 6.26702e+09 5.83577e+07 -3.59304e+09 7.92507e+07
319.628 0.0281255 5.66777e+09 7.08433e+07 -5.34416e+09 7.65623e+07
321.51 0.0442164 3.97608e+09 7.40412e+07 -6.66383e+09 6.80008e+07
320.606 0.0541683 5.63547e+09 1.04859e+08 7.18334e+09 8.57745e+07
317.774 0.0445245 7.58014e+09 5.91418e+07 5.00141e+09 8.63036e+07
316.018 0.0347019 8.20612e+09 6.75604e+07 3.03737e+09 8.56063e+07
314.999 0.0436386 7.89056e+09 7.70919e+07 1.71419e+09 7.57964e+07
314.718 0.04347 7.99518e+09 7.9675e+07 9.87487e+08 8.78787e+07
315.042 0.0393021 8.05712e+09 8.16333e+07 -2.55644e+08 7.2094e+07
315.348 0.026325 7.82117e+09 7.6071e+07 -1.81777e+09 7.30469e+07
316.144 0.0379713 8.17073e+09 7.36149e+07 -3.39944e+09 7.38191e+07
317.024 0.0308052 7.59795e+09 8.56743e+07 -5.29425e+09 7.23887e+07
320.18 0.034339 5.13076e+09 7.8041e+07 -7.5018e+09 7.65452e+07
317.416 0.0477983 8.58945e+09 7.50585e+07 5.93899e+09 7.90666e+07
314.849 0.0435474 9.54666e+09 8.83148e+07 3.31461e+09 7.56782e+07
314.089 0.0396295 9.4862e+09 7.53637e+07 2.07714e+09 7.0766e+07
313.478 0.0308083 8.83204e+09 8.57938e+07 1.22424e+09 7.04911e+07
313.414 0.0431598 8.67175e+09 6.9607e+07 5.20219e+08 6.90545e+07
313.7 0.0428237 9.12595e+09 6.50214e+07 -1.59768e+08 6.57813e+07
313.576 0.0440596 9.37579e+09 7.99206e+07 -1.08407e+09 7.96356e+07
313.998 0.0371433 9.7791e+09 8.17227e+07 -2.21135e+09 6.7336e+07
314.491 0.0285783 9.61493e+09 6.6367e+07 -3.38294e+09 7.26733e+07
317.261 0.0331842 8.33385e+09 7.24812e+07 -6.38174e+09 7.41431e+07
312.25 0.0384045 1.06519e+10 7.81818e+07 8.84529e+08 8.0276e+07
312.447 0.0396837 1.01933e+10 7.97528e+07 1.30329e+09 6.58451e+07
312.331 0.0358488 9.97546e+09 6.09559e+07 9.84799e+08 7.56933e+07
311.793 0.0325699 9.55146e+09 6.9278e+07 8.18165e+08 6.90174e+07
311.932 0.039594 9.41379e+09 8.07474e+07 1.60219e+08 7.55365e+07
312.317 0.0484331 9.56663e+09 7.60162e+07 -3.48149e+08 6.37606e+07
312.275 0.0471359 9.86269e+09 7.61452e+07 -7.50211e+08 7.72744e+07
312.236 0.0361492 1.03231e+10 6.94124e+07 -1.13762e+09 7.71106e+07
312.216 0.0211282 1.05896e+10 7.32905e+07 -1.40147e+09 9.21047e+07
312.175 0.0395617 1.04243e+10 7.11739e+07 -1.0546e+09 8.25771e+07
309.853 0.0261295 9.96833e+09 9.25844e+07 2.16948e+08 8.11798e+07
310.7 0.0415021 1.00796e+10 8.15924e+07 3.37054e+08 7.07075e+07
310.753 0.0256542 1.02683e+10 7.40007e+07 4.52087e+08 7.35212e+07
310.851 0.0459071 9.87845e+09 6.94591e+07 2.09235e+08 7.15355e+07
310.772 0.0408853 9.89193e+09 6.38539e+07 -2.19897e+08 8.23558e+07
310.364 0.033759 9.9444e+09 8.11543e+07 -4.78663e+08 8.52514e+07
310.85 0.0419906 1.00276e+10 7.17731e+07 -7.31707e+08 8.25018e+07
310.658 0.0279922 1.02011e+10 6.15468e+07 -6.89257e+08 8.0372e+07
310.413 0.0289341 1.0597e+10 6.96126e+07 -4.7495e+08 8.52402e+07
310.754 0.0337393 9.58315e+09 7.02885e+07 -1.18686e+08 8.63787e+07
308.624 0.0332582 9.89838e+09 7.12695e+07 -2.40668e+06 7.16065e+07
308.919 0.0370175 9.92547e+09 6.4767e+07 2.9066e+08 8.11958e+07
308.924 0.0276685 1.0334e+10 6.53224e+07 9.6545e+07 6.92245e+07
309.147 0.0278372 1.01707e+10 6.55327e+07 -9.71716e+07 9.58112e+07
309.193 0.0473014 1.02841e+10 6.6226e+07 -1.76355e+08 5.72743e+07
309.27 0.0363528 1.00454e+10 7.89769e+07 -1.27053e+08 7.67464e+07
309.336 0.0360683 1.01923e+10 7.90035e+07 -1.02636e+08 7.63338e+07
309.082 0.0293368 1.0286e+10 6.71022e+07 -3.20277e+08 8.45215e+07
308.819 0.0347444 1.02338e+10 7.27039e+07 -2.84296e+08 7.55592e+07
308.742 0.0305243 9.45417e+09 7.70765e+07 1.22574e+08 7.1561e+07
307.494 0.0290272 9.79309e+09 7.4043e+07 5.49215e+07 6.3256e+07
307.56 0.0498921 1.0116e+10 5.7281e+07 2.75238e+07 7.44501e+07
307.534 0.0381267 1.03877e+10 6.76019e+07 1.85518e+08 6.69849e+07
307.811 0.0306179 1.00929e+10 7.14427e+07 2.56987e+08 7.32481e+07
307.72 0.0318201 1.02937e+10 7.37729e+07 3.4666e+08 8.16723e+07
307.779 0.0303071 1.0312e+10 7.49095e+07 2.20538e+07 7.10035e+07
307.6 0.0371904 1.02041e+10 8.19119e+07 -1.84357e+08 5.6419e+07
307.723 0.0409222 1.02275e+10 6.90837e+07 8.68234e+07 6.50974e+07
307.47 0.0374772 1.00525e+10 8.40236e+07 2.48291e+08 8.50034e+07
307.354 0.0405172 9.6413e+09 5.67614e+07 1.8585e+07 7.00322e+07
306.23 0.0344226 1.0161e+10 8.04122e+07 7.46649e+07 6.93332e+07
306.593 0.033209 9.99978e+09 6.47186e+07 4.09846e+07 6.7942e+07
306.43 0.0318825 1.01796e+10 7.11002e+07 1.93876e+08 6.18566e+07
306.506 0.0431113 1.0172e+10 6.93177e+07 1.87111e+08 6.31858e+07
306.642 0.0310143 1.03235e+10 7.55907e+07 6.03989e+07 7.57686e+07
306.22 0.0308086 1.04244e+10 5.87011e+07 1.51907e+08 8.13532e+07
306.27 0.0362574 1.02634e+10 7.87227e+07 1.51674e+07 7.04481e+07
306.307 0.0474598 1.00241e+10 7.64855e+07 1.25064e+08 6.14199e+07
306.407 0.0332178 1.03393e+10 8.33133e+07 2.58873e+08 6.509e+07
306.15 0.0300002 9.64387e+09 6.89595e+07 -6.72221e+07 7.94289e+07
305.045 0.0387842 9.91898e+09 7.12427e+07 -7.78199e+07 7.47126e+07
304.824 0.0308314 1.00936e+10 8.13572e+07 -9.03865e+07 7.2186e+07
305.192 0.0359419 1.02758e+10 6.75502e+07 -1.24371e+08 8.05419e+07
305.463 0.0359003 1.03403e+10 6.07996e+07 1.07058e+08 8.54157e+07
305.079 0.039035 1.05543e+10 8.27329e+07 1.16437e+08 6.61025e+07
305.171 0.0290433 1.06078e+10 6.82552e+07 5.1694e+07 8.72057e+07
305.153 0.0371277 1.02904e+10 8.08852e+07 -1.42598e+08 8.14681e+07
305.447 0.050246 1.01007e+10 7.45208e+07 2.6025e+07 7.6207e+07
305.132 0.036572 1.00439e+10 7.16804e+07 2.16639e+08 6.31631e+07
304.787 0.0342082 9.84968e+09 6.24585e+07 3.20281e+08 8.13193e+07
303.407 0.0379217 1.02772e+10 6.73289e+07 -7.74307e+07 8.38981e+07
303.618 0.0371668 9.83299e+09 6.26215e+07 -1.68116e+08 6.05149e+07
303.892 0.0294155 1.02101e+10 6.62834e+07 1.39565e+07 7.28998e+07
304.104 0.0595662 1.02001e+10 8.6002e+07 -1.33978e+07 6.97782e+07
303.866 0.031474 1.05275e+10 5.91543e+07 -7.36092e+06 7.51196e+07
304.004 0.0495953 1.0613e+10 7.5234e+07 1.53731e+08 8.23983e+07
304.408 0.0424167 1.02661e+10 7.38086e+07 2.11701e+08 7.43459e+07
304.02 0.0397248 9.9694e+09 5.97636e+07 5.63492e+07 8.40705e+07
303.749 0.0332731 1.0156e+10 8.87601e+07 1.50356e+08 6.91629e+07
303.357 0.0331609 1.00071e+10 5.12582e+07 8.67778e+07 8.67042e+07
302.132 0.0427143 1.02308e+10 7.76832e+07 -6.77798e+07 6.4092e+07
302.212 0.0335035 9.727e+09 4.93755e+07 -7.98883e+07 6.2092e+07
302.652 0.0353062 1.02683e+10 5.77273e+07 9.22471e+07 7.91103e+07
302.296 0.035799 1.02416e+10 7.5448e+07 2.26135e+08 7.96316e+07
302.459 0.0238882 1.04856e+10 7.11696e+07 5.85261e+07 7.94784e+07
302.383 0.0380292 1.06196e+10 7.80645e+07 -8.10479e+07 7.58376e+07
302.324 0.0364037 1.02649e+10 7.59488e+07 -4.89979e+07 9.01804e+07
302.527 0.0309714 9.8955e+09 6.61722e+07 2.02956e+07 9.08434e+07
302.443 0.0258081 1.01242e+10 7.77546e+07 -5.21927e+06 7.87776e+07
302.722 0.0398235 1.01413e+10 8.28246e+07 -6.26318e+07 7.66278e+07
301.043 0.0362269 9.86731e+09 6.57277e+07 5.73311e+07 8.04848e+07
300.874 0.0318786 1.01764e+10 6.53485e+07 1.06326e+08 7.27973e+07
301 0.0348543 1.014e+10 7.86276e+07 -1.1123e+08 6.00091e+07
301.168 0.0415143 1.03012e+10 6.90195e+07 -3.62773e+08 5.91272e+07
301.251 0.0370769 1.0386e+10 7.68421e+07 -1.22889e+08 6.68723e+07
301.1 0.0327096 1.055e+10 7.74875e+07 -3.75242e+06 7.80631e+07
301.653 0.0348459 1.03116e+10 8.25233e+07 -1.92602e+08 7.96258e+07
301.2 0.0298258 1.00857e+10 5.23985e+07 -2.9262e+08 8.05481e+07
301.352 0.0393009 9.93583e+09 7.50866e+07 -3.45947e+08 9.26246e+07
301.39 0.0241773 1.01685e+10 7.86182e+07 -1.49205e+08 6.71987e+07
299.887 0.036911 9.78231e+09 7.90821e+07 -5.41007e+07 7.93975e+07
299.967 0.0369138 1.01522e+10 7.12528e+07 1.54312e+08 6.97755e+07
299.888 0.0337014 1.03758e+10 7.18201e+07 1.31054e+08 8.21444e+07
299.765 0.0364062 1.02474e+10 6.74119e+07 -3.02137e+07 6.80037e+07
299.653 0.0343655 1.01589e+10 7.29616e+07 -2.42246e+08 7.96191e+07
299.741 0.0324632 1.06936e+10 6.40265e+07 -2.0292e+08 7.62676e+07
299.646 0.0435697 1.01094e+10 8.30755e+07 -6.52826e+07 7.89939e+07
299.957 0.0339046 1.00269e+10 5.66418e+07 -8.19864e+07 8.70191e+07
300.062 0.0331147 9.92522e+09 6.53601e+07 8.20227e+06 7.52014e+07
299.975 0.029203 1.01072e+10 6.08954e+07 -6.10164e+06 8.49386e+07
298.81 0.0488354 9.84662e+09 7.39725e+07 4.55559e+07 8.71181e+07
298.832 0.0344231 1.00273e+10 6.98982e+07 -1.35921e+08 7.12158e+07
298.537 0.0274705 1.03334e+10 5.2365e+07 7.36512e+07 8.11109e+07
298.356 0.0276911 1.03124e+10 7.04577e+07 4.11825e+07 6.91541e+07
298.25 0.0278382 1.03339e+10 6.61438e+07 -1.42927e+07 6.3132e+07
298.474 0.0418647 1.03849e+10 7.31558e+07 -5.36767e+07 6.86358e+07
298.555 0.0388995 1.00498e+10 8.87997e+07 3.91484e+07 7.32783e+07
298.479 0.0373652 1.03374e+10 6.29834e+07 -1.3874e+08 7.24926e+07
298.764 0.0264485 9.95028e+09 7.42626e+07 -2.7603e+08 6.78673e+07
298.724 0.0458014 9.94958e+09 6.65593e+07 -1.3419e+08 7.89641e+07
297.747 0.0389669 9.90208e+09 5.95673e+07 4.37339e+07 6.82243e+07
297.367 0.0323984 9.86975e+09 8.26203e+07 2.78018e+08 6.11347e+07
297.547 0.0427812 1.04381e+10 6.32579e+07 8.98758e+07 7.80864e+07
297.357 0.0372984 1.03916e+10 6.41131e+07 2.01506e+08 6.60703e+07
297.026 0.0347171 1.01286e+10 8.55186e+07 -2.12316e+07 6.76943e+07
297.173 0.0345069 1.05437e+10 8.05301e+07 -6.26238e+07 6.91145e+07
297.189 0.042167 1.02834e+10 8.05241e+07 -2.52014e+08 7.46123e+07
297.426 0.0392141 1.02995e+10 7.5856e+07 -1.93008e+08 8.22697e+07
297.444 0.0347996 1.00721e+10 9.23464e+07 -1.35977e+08 7.54312e+07
297.448 0.0452063 9.75806e+09 7.70731e+07 -4.1087e+07 6.61502e+07
296.747 0.0350038 9.79909e+09 7.98591e+07 1.93023e+07 6.55701e+07
296.133 0.0329625 9.98887e+09 7.97534e+07 -7.60213e+07 6.68589e+07
296.119 0.0320611 1.00583e+10 6.67289e+07 -9.48174e+07 8.2506e+07
296.114 0.0453747 1.07306e+10 8.70202e+07 1.15608e+07 6.6406e+07
295.725 0.0434132 1.0438e+10 7.53884e+07 -2.53992e+08 7.79351e+07
296.165 0.0440485 1.05374e+10 8.26439e+07 -2.3418e+08 7.78529e+07
296.179 0.0404971 1.02897e+10 7.04789e+07 -2.30502e+08 9.46531e+07
296.209 0.0294395 1.00587e+10 6.9968e+07 -1.24782e+08 7.25535e+07
296.519 0.0304992 1.01773e+10 6.60595e+07 -1.64426e+06 6.7547e+07
296.29 0.0360722 9.80614e+09 6.52575e+07 8.08692e+07 8.489e+07
295.257 0.0268874 9.62454e+09 6.3397e+07 9.88939e+07 7.91969e+07
295.103 0.0352164 1.00005e+10 8.06976e+07 -4.94449e+07 7.12183e+07
294.441 0.03406 1.03828e+10 8.43333e+07 -3.16556e+08 7.7357e+07
294.815 0.0311007 1.0542e+10 8.41116e+07 -2.18598e+08 7.11988e+07
294.851 0.0479606 1.05082e+10 6.14755e+07 -7.73229e+06 8.77266e+07
294.657 0.0309535 1.04484e+10 8.59159e+07 -1.48688e+06 5.36797e+07
294.694 0.0419299 1.04058e+10 6.87274e+07 -9.25352e+07 6.65958e+07
294.803 0.0408624 1.01158e+10 7.05232e+07 -1.41365e+08 7.87713e+07
295.17 0.0328184 1.00539e+10 7.12771e+07 3.43195e+07 7.0796e+07
295.165 0.0248777 9.74315e+09 8.00539e+07 6.13921e+07 7.16427e+07
293.995 0.0322747 9.63071e+09 7.10201e+07 -8.74221e+07 7.75073e+07
294.165 0.0389177 1.00373e+10 6.6601e+07 -1.37013e+08 6.19929e+07
293.471 0.0351479 1.04491e+10 8.8789e+07 -5.73244e+07 8.22434e+07
293.709 0.0341869 1.03721e+10 7.36699e+07 -2.08154e+08 5.9662e+07
293.741 0.0356348 1.02018e+10 7.13846e+07 1.04823e+08 6.05239e+07
293.649 0.0340984 1.05751e+10 7.21963e+07 -2.01597e+08 7.45002e+07
293.59 0.0281366 1.02508e+10 7.91397e+07 5.8752e+07 8.04189e+07
293.835 0.0329 1.00004e+10 6.97254e+07 1.61191e+08 6.83376e+07
293.865 0.0286263 1.0203e+10 7.17666e+07 4.36851e+07 9.27522e+07
293.9 0.0392326 9.70374e+09 6.66906e+07 -1.27784e+08 8.29042e+07
293.23 0.0302295 9.57384e+09 6.84636e+07 1.32356e+08 7.03127e+07
292.916 0.0252243 1.00319e+10 8.78848e+07 2.2564e+08 6.66895e+07
292.4 0.0402508 1.03746e+10 8.77119e+07 -1.01956e+08 6.56549e+07
292.057 0.0323102 1.04169e+10 8.03513e+07 -4.25413e+07 6.53507e+07
292.217 0.0427075 1.03418e+10 7.24827e+07 -5.42564e+07 5.92976e+07
292.58 0.0267865 1.03655e+10 7.88069e+07 6.84213e+07 8.34653e+07
292.471 0.03287 1.01969e+10 7.38925e+07 5.88365e+07 7.19025e+07
292.771 0.0363254 1.00403e+10 6.88424e+07 -1.78535e+08 6.075e+07
292.725 0.0253445 1.02111e+10 7.54234e+07 -1.92375e+07 8.07965e+07
292.511 0.027106 9.71718e+09 7.43336e+07 -5.03179e+06 8.86734e+07
291.871 0.0318789 9.33797e+09 7.63171e+07 5.91966e+07 6.45674e+07
291.481 0.0335126 1.02891e+10 7.9373e+07 -6.06486e+07 6.38562e+07
291.082 0.0348827 1.05004e+10 6.17283e+07 -1.21952e+08 8.07524e+07
290.826 0.0276404 1.03901e+10 7.45467e+07 -4.84427e+07 7.93135e+07
291.093 0.0338051 1.03256e+10 6.97545e+07 3.33597e+07 6.33332e+07
291.056 0.0390602 1.04195e+10 5.98815e+07 -3.77757e+07 7.37091e+07
290.795 0.0555455 1.01372e+10 7.50437e+07 1.45513e+08 7.54653e+07
291.412 0.0493915 1.00823e+10 6.11785e+07 1.16531e+08 8.29826e+07
291.563 0.0439611 1.00052e+10 6.7081e+07 -1.32012e+08 7.86667e+07
291.748 0.0459417 9.70491e+09 7.16261e+07 1.43498e+07 8.24001e+07
290.687 0.0368777 9.65966e+09 7.07283e+07 -2.11682e+08 7.7247e+07
289.911 0.0385951 1.02348e+10 6.2048e+07 -3.1797e+08 6.61893e+07
289.919 0.0362548 1.02669e+10 7.10876e+07 -5.74553e+07 8.48361e+07
289.934 0.0347943 1.02046e+10 7.40834e+07 -1.12558e+08 7.47889e+07
289.647 0.0472731 1.05257e+10 7.09511e+07 -1.22952e+08 7.10615e+07
290.087 0.0259017 9.97476e+09 6.33567e+07 1.00028e+08 8.37402e+07
290.085 0.032385 1.02405e+10 8.18522e+07 2.17473e+08 7.80865e+07
289.999 0.0494136 1.01226e+10 7.74776e+07 1.12481e+08 8.57265e+07
290.185 0.0425622 9.95713e+09 7.0646e+07 2.19015e+08 7.77237e+07
290.402 0.0341832 9.59532e+09 7.17537e+07 1.67748e+07 9.4787e+07
289.077 0.0517034 9.8235e+09 7.41103e+07 -1.08065e+08 8.71922e+07
288.733 0.039462 1.01329e+10 8.3829e+07 -5.65812e+08 7.27061e+07
288.87 0.0257612 9.96222e+09 7.7489e+07 -4.79887e+08 6.54784e+07
288.701 0.034782 9.99803e+09 7.01687e+07 -2.20925e+08 6.98988e+07
288.831 0.0484564 1.00444e+10 7.56829e+07 -1.75542e+06 7.03555e+07
288.597 0.0466273 9.90964e+09 7.03681e+07 2.06797e+08 7.75978e+07
288.949 0.0486642 9.78356e+09 7.54156e+07 3.9819e+08 9.20926e+07
288.861 0.0435085 1.006e+10 7.3847e+07 6.46286e+08 7.03561e+07
288.997 0.0302551 1.02115e+10 7.78882e+07 6.39506e+08 8.1539e+07
289.433 0.0242401 9.76877e+09 7.98173e+07 2.27162e+08 8.59066e+07
287.104 0.0250647 1.02994e+10 7.35951e+07 -7.50158e+08 8.31607e+07
287.362 0.0330642 1.02737e+10 7.3409e+07 -9.31292e+08 7.3404e+07
287.709 0.0443699 9.59354e+09 6.85857e+07 -1.01675e+09 7.32916e+07
287.686 0.0380014 9.56699e+09 7.14371e+07 -5.37227e+08 7.39055e+07
287.665 0.0293178 1.00695e+10 7.55291e+07 -1.53654e+08 7.52803e+07
287.339 0.0336573 9.52441e+09 6.92624e+07 4.50421e+08 8.8347e+07
287.596 0.0473275 9.54233e+09 7.72463e+07 6.81248e+08 6.72028e+07
287.351 0.0339102 9.83728e+09 6.47767e+07 8.65975e+08 6.73707e+07
287.135 0.0289832 1.03802e+10 8.04905e+07 1.02232e+09 7.44259e+07
287.523 0.039013 1.052e+10 7.67287e+07 6.11364e+08 8.42768e+07
282.833 0.0546948 8.10358e+09 7.95931e+07 -5.72147e+09 8.1212e+07
285.05 0.0294933 9.48867e+09 7.1378e+07 -3.07045e+09 7.88081e+07
285.802 0.0355203 9.24924e+09 7.54243e+07 -2.14148e+09 6.42844e+07
286.237 0.0381161 8.88464e+09 7.07962e+07 -1.49119e+09 7.67977e+07
286.431 0.0333716 9.24593e+09 7.13297e+07 -2.99309e+08 7.62287e+07
285.869 0.0395048 8.87776e+09 6.56561e+07 5.0694e+08 6.94733e+07
285.961 0.0340876 9.11646e+09 9.20479e+07 1.24226e+09 8.73543e+07
285.842 0.0420912 9.17122e+09 7.22418e+07 2.08237e+09 8.62375e+07
284.866 0.0505252 9.69623e+09 6.34588e+07 3.28736e+09 7.52912e+07
282.644 0.0359569 8.43078e+09 8.14274e+07 6.13059e+09 9.74867e+07
280.119 0.032444 5.3248e+09 6.41362e+07 -7.0346e+09 7.77497e+07
282.591 0.0321417 7.56534e+09 7.65712e+07 -5.05017e+09 8.46539e+07
284.073 0.0325931 8.18969e+09 6.65023e+07 -3.20881e+09 8.07571e+07
284.439 0.0342661 7.88926e+09 8.35277e+07 -1.79461e+09 9.16777e+07
284.983 0.0429207 8.09489e+09 6.86999e+07 -6.73525e+08 7.45678e+07
284.893 0.0371046 7.72558e+09 7.55583e+07 6.97168e+08 6.90166e+07
284.687 0.0294881 8.20554e+09 7.37235e+07 1.8388e+09 7.8309e+07
284.329 0.0355206 8.13707e+09 6.50397e+07 3.0126e+09 7.00152e+07
282.658 0.045811 7.49337e+09 7.71129e+07 4.69215e+09 7.18448e+07
279.98 0.039656 5.43627e+09 7.65564e+07 6.99639e+09 6.29583e+07
278.713 0.0400765 4.18791e+09 7.17724e+07 -6.59617e+09 9.13715e+07
280.658 0.0294496 5.52987e+09 7.91652e+07 -5.20533e+09 8.90499e+07
282.703 0.0430074 6.39327e+09 6.09472e+07 -3.43346e+09 9.35133e+07
283.481 0.0363841 6.65243e+09 7.09617e+07 -2.11564e+09 8.22333e+07
284.045 0.0430279 6.7005e+09 7.82235e+07 -6.62193e+08 8.41576e+07
283.474 0.0485196 6.57398e+09 6.63434e+07 6.72318e+08 8.67034e+07
283.077 0.0335029 6.48481e+09 7.78834e+07 2.16336e+09 9.0882e+07
282.485 0.0389 6.5088e+09 7.62786e+07 3.92169e+09 7.38642e+07
281.236 0.0351202 5.53626e+09 7.45414e+07 5.79086e+09 9.3449e+07
278.809 0.0416397 4.12759e+09 9.15772e+07 7.18433e+09 9.00502e+07
278.362 0.0451623 3.08772e+09 7.33917e+07 -6.22091e+09 7.5535e+07
280.105 0.0446637 4.08416e+09 5.98029e+07 -5.27129e+09 6.40402e+07
281.092 0.0424098 4.78709e+09 6.12497e+07 -3.78167e+09 9.07125e+07
282.431 0.0342695 5.09557e+09 7.71084e+07 -2.04268e+09 7.94349e+07
282.825 0.0427901 5.24881e+09 7.05907e+07 -5.15537e+08 7.85057e+07
282.148 0.0319485 5.09652e+09 6.61819e+07 6.76804e+08 7.29308e+07
281.921 0.0356165 4.90322e+09 7.56489e+07 2.27591e+09 7.79066e+07
281.26 0.0255941 4.71227e+09 8.67109e+07 4.03584e+09 7.70302e+07
279.899 0.0422753 4.11234e+09 9.69381e+07 5.60017e+09 7.28388e+07
278.38 0.0549912 3.32474e+09 7.36963e+07 6.41156e+09 9.14998e+07
277.783 0.0478095 2.28058e+09 7.87019e+07 -5.92545e+09 7.54022e+07
279.423 0.0483225 3.16342e+09 7.18048e+07 -5.13871e+09 9.66291e+07
280.509 0.0341605 3.23836e+09 7.16456e+07 -4.0373e+09 8.98988e+07
281.208 0.0361832 3.54811e+09 7.91193e+07 -2.39548e+09 6.7637e+07
281.871 0.031246 3.71167e+09 7.41223e+07 -6.79094e+08 7.76017e+07
281.654 0.0414562 3.80572e+09 7.25497e+07 6.38689e+08 7.92153e+07
280.791 0.0302115 3.36905e+09 8.22147e+07 2.16298e+09 8.04037e+07
280.059 0.035112 3.00754e+09 6.64854e+07 3.51572e+09 8.06959e+07
279.279 0.037847 2.83417e+09 9.20505e+07 5.08343e+09 8.62639e+07
277.654 0.0389307 2.44929e+09 9.2256e+07 6.56903e+09 7.61018e+07
277.661 0.0306767 1.50362e+09 7.84746e+07 -6.03082e+09 6.39151e+07
278.701 0.0362153 2.00703e+09 7.729e+07 -4.92637e+09 6.58922e+07
280.06 0.0413622 1.91816e+09 7.25472e+07 -3.38653e+09 8.08701e+07
280.66 0.0395393 1.7137e+09 8.16885e+07 -2.01574e+09 1.03938e+08
280.932 0.0327673 2.29066e+09 7.49505e+07 -5.98327e+08 7.98802e+07
280.772 0.0356932 2.36352e+09 7.63967e+07 1.12532e+09 6.78396e+07
280.435 0.036409 1.9911e+09 8.63789e+07 2.53903e+09 7.79067e+07
279.858 0.0291108 1.72915e+09 7.79282e+07 3.7657e+09 7.34046e+07
278.79 0.0362786 1.32713e+09 7.98468e+07 5.00461e+09 9.60629e+07
277.566 0.0325426 1.45805e+09 9.25874e+07 6.03344e+09 8.94957e+07
277.498 0.0302879 8.49269e+08 7.1806e+07 -5.94763e+09 5.82429e+07
278.95 0.0351085 6.26678e+08 8.15066e+07 -4.84467e+09 7.39918e+07
280.029 0.0528783 4.61507e+08 7.46352e+07 -3.32674e+09 7.06663e+07
280.739 0.0329934 6.9444e+08 7.49652e+07 -1.83944e+09 6.83878e+07
281.031 0.0395514 3.03647e+08 6.34279e+07 -5.02344e+08 7.49229e+07
280.792 0.0333853 7.228e+08 7.42633e+07 9.90141e+08 8.06532e+07
280.283 0.0402768 7.86232e+08 7.14963e+07 2.29439e+09 7.94121e+07
279.684 0.037859 5.67916e+08 6.12755e+07 3.75198e+09 8.65413e+07
278.975 0.0385993 3.0317e+06 7.68716e+07 4.98305e+09 7.66796e+07
277.335 0.0355031 5.458e+08 6.76131e+07 6.0099e+09 9.00914e+07
277.447 0.0445718 1.15012e+08 7.9895e+07 -5.41122e+09 6.70649e+07
279.241 0.0274669 -7.57754e+08 7.92206e+07 -4.21637e+09 9.07577e+07
280.297 0.0459593 -8.64294e+08 7.45786e+07 -3.03687e+09 7.97877e+07
280.791 0.0433141 -7.53031e+08 6.17173e+07 -2.0253e+09 9.01308e+07
280.788 0.0416165 -7.52272e+08 6.88115e+07 -6.18645e+08 7.55539e+07
281.087 0.0336952 -6.33831e+08 6.40699e+07 6.38337e+08 7.25334e+07
280.871 0.0372497 -7.12856e+08 7.48195e+07 1.91683e+09 6.94149e+07
280.117 0.0449519 -7.65316e+08 8.58562e+07 3.56537e+09 7.7278e+07
278.816 0.0462517 -8.20954e+08 7.12933e+07 4.81328e+09 8.02149e+07
277.264 0.042411 -1.85478e+08 7.45689e+07 5.50292e+09 9.54656e+07
277.984 0.0338507 -1.02833e+09 8.19432e+07 -5.46447e+09 7.18341e+07
279.7 0.0316373 -2.02465e+09 7.59103e+07 -3.64324e+09 7.74519e+07
280.561 0.0293574 -1.91412e+09 7.13846e+07 -2.65329e+09 7.09955e+07
281.108 0.0439108 -1.96514e+09 5.62883e+07 -1.39623e+09 7.08463e+07
281.436 0.0341697 -1.79879e+09 5.69352e+07 -5.47812e+08 8.21301e+07
281.503 0.0372235 -1.79712e+09 7.17767e+07 4.79624e+08 9.363e+07
280.996 0.0306967 -1.95038e+09 7.08986e+07 1.67766e+09 8.61032e+07
280.492 0.0374782 -1.95485e+09 9.32673e+07 2.88617e+09 7.38751e+07
279.523 0.0355303 -2.26098e+09 7.04926e+07 4.25714e+09 6.55668e+07
277.861 0.0295635 -8.28485e+08 7.83779e+07 5.92096e+09 8.39239e+07
279.185 0.0322226 -3.27065e+09 6.95222e+07 -4.76112e+09 6.20848e+07
281.016 0.0398755 -3.37099e+09 6.799e+07 -2.83743e+09 8.10917e+07
281.248 0.0448512 -2.94949e+09 6.5853e+07 -1.81562e+09 8.65752e+07
281.51 0.0359832 -2.88302e+09 6.86852e+07 -1.30632e+09 8.23967e+07
281.665 0.045366 -2.61439e+09 5.8756e+07 -5.52807e+08 8.69429e+07
281.907 0.0302789 -2.65894e+09 6.95809e+07 2.26134e+08 7.98049e+07
281.859 0.0321756 -3.06279e+09 6.38543e+07 9.9337e+08 7.70606e+07
281.226 0.0468623 -3.12281e+09 7.61837e+07 2.0001e+09 6.98066e+07
280.8 0.0441985 -3.45132e+09 6.45804e+07 2.73982e+09 8.24634e+07
279.252 0.0273273 -3.09858e+09 6.56591e+07 4.7283e+09 9.93546e+07
282.539 0.030587 -4.1378e+09 6.26909e+07 -1.11903e+09 5.6108e+07
281.951 0.0376659 -4.23394e+09 7.58323e+07 -1.36798e+09 7.83295e+07
282.148 0.0407526 -3.50764e+09 5.99546e+07 -1.25552e+09 7.75441e+07
282.145 0.0361858 -3.44378e+09 7.16224e+07 -7.40954e+08 5.92167e+07
282.483 0.0257715 -3.23509e+09 5.59382e+07 -5.15809e+08 8.27805e+07
282.195 0.0364361 -3.27988e+09 7.54967e+07 -2.77456e+07 8.20591e+07
281.992 0.0287147 -3.7837e+09 7.25732e+07 6.43645e+08 7.13702e+07
281.862 0.0296457 -3.71719e+09 6.90903e+07 9.33189e+08 6.72177e+07
281.695 0.0363316 -4.05762e+09 7.15631e+07 1.49581e+09 6.31649e+07
282.218 0.0434062 -3.95123e+09 5.1816e+07 8.99902e+08 6.59989e+07
283.492 0.0316456 -3.23224e+09 8.17194e+07 -8.85102e+07 6.1525e+07
282.72 0.0372615 -3.971e+09 6.5035e+07 -8.00145e+08 6.53287e+07
282.451 0.0353093 -4.08879e+09 7.03205e+07 -7.47626e+08 7.54493e+07
282.476 0.0331023 -3.63151e+09 6.89694e+07 -4.0322e+08 7.75552e+07
283.045 0.0380985 -3.64847e+09 7.51728e+07 -2.64798e+08 6.55357e+07
282.472 0.0356329 -3.75331e+09 5.08904e+07 7.42938e+07 6.38108e+07
282.463 0.0327575 -4.04893e+09 7.56579e+07 2.25802e+08 6.01332e+07
282.458 0.0269396 -4.0868e+09 5.97479e+07 6.33014e+08 6.14371e+07
282.642 0.0377458 -4.22426e+09 5.88934e+07 7.94328e+08 6.58066e+07
283.529 0.0401302 -3.0122e+09 5.93363e+07 3.71943e+08 6.53193e+07
283.688 0.0306713 -2.89106e+09 5.77048e+07 -8.22751e+07 5.71441e+07
283.565 0.0297411 -3.78706e+09 6.01317e+07 -2.37073e+08 6.48228e+07
282.938 0.0320442 -4.26735e+09 7.75727e+07 -1.5506e+08 7.07494e+07
283.065 0.0427974 -3.67325e+09 7.68878e+07 -1.95201e+08 6.30332e+07
283.075 0.0291749 -3.93856e+09 7.27734e+07 -5.74314e+07 6.9086e+07
283.392 0.0245513 -3.95476e+09 6.5987e+07 1.91556e+08 6.39774e+07
283.322 0.027769 -4.30672e+09 6.27952e+07 2.41965e+08 6.89335e+07
283.222 0.0394826 -4.29027e+09 7.0494e+07 5.04926e+08 6.49011e+07
283.836 0.0343406 -3.77993e+09 6.43309e+07 1.72342e+08 6.26151e+07
284.38 0.0345174 -2.76785e+09 7.6357e+07 -1.39588e+08 6.6515e+07
284.926 0.0300764 -2.86069e+09 6.03415e+07 1.91499e+08 7.79479e+07
284.113 0.0280815 -3.77992e+09 6.60193e+07 2.79399e+08 5.2678e+07
284.013 0.0275804 -4.01927e+09 6.5169e+07 5.98055e+06 6.79607e+07
283.611 0.0439886 -3.90856e+09 8.29813e+07 -1.80427e+07 5.60277e+07
283.497 0.0414278 -4.18378e+09 6.56315e+07 1.01911e+08 5.68253e+07
283.783 0.0386507 -4.11226e+09 7.63972e+07 2.0291e+08 7.53308e+07
283.915 0.0360497 -4.1229e+09 7.37761e+07 1.56134e+08 7.50797e+07
284.09 0.0338011 -4.04118e+09 6.52714e+07 -2.24886e+07 6.34491e+07
284.246 0.0277007 -3.50673e+09 6.21791e+07 -3.06537e+08 7.64946e+07
284.566 0.0269225 -3.02387e+09 5.95968e+07 -1.43811e+08 6.58723e+07
285.261 0.0281674 -3.18585e+09 7.37255e+07 1.17369e+08 5.43543e+07
284.827 0.0352465 -3.39494e+09 5.48488e+07 1.85623e+08 6.65104e+07
284.581 0.0330503 -3.83926e+09 5.90094e+07 -2.77544e+07 7.09898e+07
284.112 0.0350122 -4.06942e+09 7.19231e+07 100278 7.44596e+07
284.092 0.0364567 -4.05321e+09 6.33855e+07 -1.35792e+08 7.00189e+07
283.982 0.0291549 -4.39457e+09 5.90902e+07 2.38181e+07 5.91611e+07
284.549 0.0283726 -4.06003e+09 6.38913e+07 1.86618e+08 6.2042e+07
284.916 0.030786 -3.75409e+09 6.46346e+07 1.99969e+07 5.84436e+07
284.943 0.0273279 -3.4212e+09 5.71368e+07 -5.45846e+06 6.55673e+07
284.969 0.0282003 -3.12273e+09 6.18502e+07 -1.43085e+08 6.14682e+07
285.322 0.0358102 -3.27766e+09 8.20863e+07 1.75382e+07 5.88127e+07
285.256 0.0253534 -3.2635e+09 5.53813e+07 1.35845e+08 6.20712e+07
284.992 0.0354782 -3.82648e+09 5.82425e+07 2.51485e+08 6.8919e+07
284.743 0.0360682 -4.23742e+09 5.29589e+07 2.44169e+06 7.15992e+07
284.504 0.0259355 -4.18469e+09 7.09739e+07 1.0694e+07 6.85144e+07
284.591 0.0247795 -4.28107e+09 6.4756e+07 -5.35361e+07 5.6731e+07
284.761 0.0332262 -4.08499e+09 6.76826e+07 -1.64042e+08 6.42291e+07
284.969 0.0396634 -3.75578e+09 6.3521e+07 -2.36114e+08 5.52542e+07
285.395 0.0226637 -3.40239e+09 6.18073e+07 -1.56436e+08 6.55229e+07
285.573 0.0235426 -3.2552e+09 5.64857e+07 -1.37159e+07 6.81159e+07
286.223 0.0293158 -3.16641e+09 6.15425e+07 -2.89568e+07 6.89768e+07
285.777 0.0233747 -3.63638e+09 6.47548e+07 9.67724e+07 6.60444e+07
285.369 0.0296748 -3.79984e+09 5.2902e+07 2.6283e+08 6.26056e+07
285.179 0.0279875 -4.01417e+09 7.13585e+07 2.89602e+08 7.02156e+07
285.095 0.041332 -4.09124e+09 6.66522e+07 2.11261e+08 7.35435e+07
285.073 0.031907 -4.09805e+09 7.14259e+07 -9.99703e+07 6.19593e+07
285.164 0.0220606 -4.0079e+09 5.688e+07 -1.11789e+08 6.85371e+07
285.583 0.0411467 -3.75644e+09 5.58961e+07 -1.41512e+08 5.90707e+07
285.844 0.0320984 -3.52298e+09 5.89281e+07 -1.95504e+08 6.67798e+07
286.039 0.0270079 -3.35931e+09 6.383e+07 -2.20867e+08 5.36999e+07
286.227 0.023792 -3.30738e+09 6.26648e+07 1.1676e+08 5.12301e+07
285.995 0.0303942 -3.823e+09 6.35827e+07 1.92753e+08 5.99588e+07
285.762 0.030159 -3.83389e+09 8.20972e+07 2.61624e+08 6.15201e+07
285.761 0.028065 -4.05589e+09 5.92198e+07 9.8281e+06 6.37366e+07
285.979 0.0390667 -3.85647e+09 6.48947e+07 -2.53554e+07 7.13096e+07
285.859 0.0282761 -3.90627e+09 5.93883e+07 -6.97739e+07 6.16989e+07
285.583 0.0302057 -3.96528e+09 5.02397e+07 -1.82277e+07 4.90302e+07
285.789 0.0316656 -3.82215e+09 6.66343e+07 -9.20797e+07 4.63951e+07
286.323 0.0281466 -3.53678e+09 5.10315e+07 -6.12571e+06 5.01783e+07
286.316 0.0278365 -3.56982e+09 5.75753e+07 1.38877e+08 5.55458e+07
286.627 0.029622 -3.56466e+09 4.26428e+07 1.92359e+07 6.36167e+07
286.712 0.0325086 -3.57306e+09 5.17647e+07 1.12925e+08 4.78541e+07
286.307 0.0285159 -3.86387e+09 6.95043e+07 -7.95998e+07 6.6125e+07
286.239 0.0237866 -4.00078e+09 6.01059e+07 -5.97141e+07 6.79433e+07
286.616 0.0267426 -3.75685e+09 6.07714e+07 -1.84685e+08 5.56857e+07
286.552 0.0266938 -4.04609e+09 6.94701e+07 3.10799e+07 5.30909e+07
286.471 0.0255571 -4.02895e+09 6.26381e+07 1.17029e+08 4.85766e+07
286.25 0.0286427 -3.71661e+09 5.49708e+07 9.50235e+07 4.71092e+07
286.59 0.0251925 -3.51977e+09 5.68715e+07 -1.23078e+08 5.61711e+07
286.64 0.0268037 -3.50664e+09 5.78224e+07 -3.21286e+07 6.21239e+07
287.078 0.023174 -3.6002e+09 5.41707e+07 2.14489e+07 6.37496e+07
287.092 0.0422081 -3.60787e+09 5.78391e+07 -1.57049e+08 5.44847e+07
287.075 0.0257794 -3.88993e+09 5.22311e+07 8.00644e+07 6.42619e+07
286.866 0.0212297 -3.92382e+09 4.84229e+07 8.15331e+07 6.04637e+07
286.666 0.0266993 -3.98732e+09 5.04737e+07 1.50835e+08 4.85375e+07
287.025 0.0282148 -3.94283e+09 4.92624e+07 1.85943e+07 6.38009e+07
286.731 0.0234112 -3.90084e+09 6.82179e+07 -3.23215e+08 5.63733e+07
286.994 0.0334911 -3.6504e+09 6.72932e+07 -2.29511e+08 5.54438e+07
287.428 0.0288851 -3.61759e+09 5.84595e+07 -8.92984e+07 5.39342e+07
287.044 0.0284544 -3.6527e+09 7.18793e+07 -1.2205e+08 4.91554e+07
287.532 0.0198769 -3.67298e+09 5.57845e+07 4.60313e+07 5.96955e+07
287.406 0.0302083 -3.79377e+09 5.75074e+07 2.57933e+08 7.05591e+07
287.494 0.0335652 -3.7064e+09 5.764e+07 1.85592e+08 6.40397e+07
287.583 0.0289354 -3.85184e+09 4.77978e+07 1.04541e+08 5.9684e+07
287.405 0.0244387 -3.89748e+09 5.26112e+07 -6.93147e+07 4.95495e+07
287.539 0.0294611 -3.72876e+09 5.06425e+07 -7.36941e+07 5.45967e+07
287.273 0.0270198 -3.8052e+09 6.62247e+07 -3.09969e+06 5.51844e+07
287.274 0.0249861 -3.87208e+09 5.73962e+07 2.81127e+07 5.46127e+07
287.48 0.0204846 -3.75456e+09 5.14914e+07 5.61943e+07 5.58724e+07
287.696 0.0290772 -3.69387e+09 6.26752e+07 1.64116e+08 4.36179e+07
288.038 0.0240085 -3.78552e+09 5.05102e+07 -6.45561e+07 5.58879e+07
288.054 0.0250136 -3.78407e+09 5.56143e+07 -1.81176e+08 5.43213e+07
288.033 0.0287234 -3.86313e+09 4.81679e+07 -2.8566e+07 6.68182e+07
288.046 0.0240418 -3.72633e+09 4.98167e+07 4.93875e+07 5.52378e+07
287.921 0.0454504 -3.80658e+09 4.94967e+07 -7.25536e+07 4.29893e+07
287.962 0.0314336 -3.69593e+09 5.85794e+07 -1.08732e+08 5.15463e+07
287.938 0.0250368 -3.79241e+09 5.8165e+07 -5.55052e+07 5.41921e+07
287.903 0.0204119 -3.77126e+09 5.56276e+07 -2.27711e+07 5.11598e+07
287.893 0.0241975 -3.85802e+09 5.5281e+07 7.33171e+06 6.40097e+07
287.858 0.0287863 -3.7432e+09 5.94123e+07 -1.72413e+08 5.14795e+07
288.413 0.0210072 -3.76594e+09 5.04956e+07 8.51739e+07 6.10683e+07
288.407 0.0293562 -3.82062e+09 5.12487e+07 8.67263e+07 5.04987e+07
288.453 0.0200304 -3.82698e+09 4.80453e+07 4.41169e+07 4.90216e+07
288.266 0.024273 -3.58634e+09 5.52042e+07 -1.12626e+08 5.73359e+07
288.214 0.0359649 -3.80724e+09 5.46803e+07 -1.73383e+08 5.9683e+07
288.215 0.0238409 -3.68294e+09 5.95979e+07 -2.24351e+08 5.44161e+07
288.352 0.0330288 -3.85854e+09 5.73002e+07 -1.40657e+08 5.87286e+07
288.233 0.0252664 -3.69174e+09 4.71579e+07 -1.38953e+08 5.34396e+07
287.936 0.0281644 -4.07133e+09 6.78333e+07 5.87723e+06 4.41849e+07
288.066 0.0225954 -3.71367e+09 5.33059e+07 9.90967e+07 5.83292e+07
288.899 0.0208171 -3.78265e+09 5.29231e+07 -1.391e+08 4.78064e+07
289.01 0.0277957 -3.90971e+09 5.0549e+07 -9.17169e+07 4.63427e+07
288.903 0.0262551 -3.614e+09 4.06117e+07 -8.98548e+07 5.65787e+07
288.922 0.0268818 -3.63581e+09 5.31615e+07 -1.78279e+08 5.48313e+07
288.725 0.0234676 -3.75421e+09 5.55409e+07 -2.11057e+08 5.33209e+07
288.881 0.0203229 -3.88211e+09 5.65147e+07 -4.01113e+06 4.64076e+07
289.011 0.0210348 -3.76716e+09 4.71507e+07 -1.18902e+08 5.2005e+07
288.665 0.0316935 -3.7034e+09 5.10176e+07 -3.77379e+07 6.49718e+07
288.724 0.0290373 -3.9604e+09 5.35404e+07 -9.32397e+07 6.20371e+07
288.796 0.0288634 -3.78932e+09 4.59874e+07 -1.42839e+08 5.11193e+07
289.28 0.0235796 -3.81609e+09 5.33225e+07 6.54358e+07 5.25295e+07
289.308 0.0272438 -3.90588e+09 5.78709e+07 1.28255e+08 5.29363e+07
289.26 0.0313163 -3.52789e+09 5.18396e+07 5.87745e+07 4.7714e+07
289.389 0.0251169 -3.59987e+09 6.00029e+07 -1.65746e+08 5.47761e+07
289.303 0.0238319 -4.00945e+09 3.84434e+07 1.80869e+07 5.13876e+07
289.479 0.0208956 -3.8678e+09 5.52843e+07 1.61407e+08 5.02213e+07
289.6 0.0337285 -3.60479e+09 4.59929e+07 2.32059e+07 5.51118e+07
289.201 0.0389688 -3.75048e+09 4.77624e+07 -2.28077e+07 6.60253e+07
289.397 0.0286137 -3.87442e+09 5.20851e+07 -1.19877e+08 6.60552e+07
289.216 0.0290572 -3.84026e+09 5.01379e+07 -2.35242e+07 5.1628e+07
289.616 0.0231179 -3.81478e+09 3.90105e+07 -6.98861e+07 6.12537e+07
289.822 0.0269528 -3.65424e+09 5.8887e+07 -5.57116e+07 5.01057e+07
289.775 0.0234234 -3.58233e+09 4.67467e+07 -4.37651e+07 6.03175e+07
289.921 0.030723 -3.69724e+09 5.5939e+07 2.31967e+08 4.76135e+07
289.728 0.0176301 -3.93224e+09 5.19297e+07 7.31622e+07 3.83651e+07
289.736 0.0212978 -3.73875e+09 5.93968e+07 2.85012e+07 5.63637e+07
289.882 0.0245063 -3.73716e+09 4.5992e+07 5.76382e+07 4.75017e+07
289.818 0.0361678 -3.61914e+09 5.44518e+07 5.01524e+07 5.42765e+07
289.787 0.026434 -3.69077e+09 5.20989e+07 1.03799e+08 4.7496e+07
289.834 0.0207004 -3.87077e+09 5.72616e+07 -7.95919e+07 5.65367e+07
289.976 0.0317237 -3.84251e+09 4.8376e+07 6.28171e+07 4.87415e+07
290.219 0.0239562 -3.69062e+09 5.5948e+07 -9.01634e+06 5.40081e+07
290.609 0.0192414 -3.66086e+09 4.96075e+07 -5.48077e+07 5.24833e+07
290.268 0.0246075 -3.63912e+09 5.62429e+07 2.79371e+07 4.72641e+07
290.137 0.0253201 -3.94207e+09 5.2297e+07 1.34776e+08 4.76701e+07
290.141 0.0340651 -3.74053e+09 5.46881e+07 -1.98549e+07 4.3204e+07
290.312 0.0259559 -3.6463e+09 5.34402e+07 1.51969e+07 4.24626e+07
290.232 0.0239593 -3.7045e+09 4.87276e+07 3.30152e+07 4.73809e+07
290.229 0.0189686 -3.6496e+09 4.47705e+07 6.20223e+07 4.57187e+07
290.456 0.0229268 -3.74671e+09 4.70937e+07 1.34165e+08 5.52963e+07
290.806 0.0225035 -3.84897e+09 4.76545e+07 -6.68344e+07 4.37641e+07
290.75 0.0257468 -3.67942e+09 4.71156e+07 -3.30753e+07 4.5825e+07
290.615 0.0206495 -3.67554e+09 5.90915e+07 -7.26899e+07 4.6602e+07
290.608 0.0188409 -3.90619e+09 5.97285e+07 -2.25384e+07 3.78704e+07
290.563 0.0288488 -3.71494e+09 4.54829e+07 8.07478e+07 5.29767e+07
290.73 0.0262605 -3.62125e+09 4.9106e+07 4.91708e+07 4.83128e+07
290.682 0.0257192 -3.70604e+09 5.353e+07 -2.67878e+07 4.84387e+07
290.698 0.0226343 -3.68907e+09 4.90773e+07 6.13533e+07 4.14553e+07
290.552 0.0253177 -3.7839e+09 5.7038e+07 -1.39913e+07 4.26684e+07
291.151 0.0216165 -3.66799e+09 4.84111e+07 -5.33848e+07 4.95246e+07
291.184 0.0236911 -3.86837e+09 4.35545e+07 4.55267e+07 5.06167e+07
290.982 0.0242458 -3.64935e+09 5.0541e+07 7.00092e+07 4.5348e+07
291.117 0.0195514 -3.81364e+09 5.52486e+07 3.57202e+07 4.09611e+07
291.135 0.026013 -3.7608e+09 5.32718e+07 9.02222e+06 4.71743e+07
290.987 0.0270163 -3.70464e+09 4.17501e+07 -7.21629e+07 4.74179e+07
291.198 0.0245673 -3.63051e+09 4.69956e+07 -6.60913e+06 5.37248e+07
291.062 0.0282185 -3.78319e+09 4.12143e+07 1.33582e+08 4.5929e+07
290.943 0.0261887 -3.75256e+09 4.04906e+07 6.95351e+07 4.52926e+07
291.187 0.022445 -3.78146e+09 5.05318e+07 6.58161e+07 3.97541e+07
291.221 0.0157996 -3.61974e+09 4.16068e+07 1.71417e+07 4.58221e+07
291.509 0.0204604 -3.83928e+09 4.25236e+07 -3.25044e+07 5.32409e+07
291.537 0.0222337 -3.69798e+09 4.54488e+07 2.24209e+07 4.67496e+07
291.457 0.019933 -3.77757e+09 4.07805e+07 -5.24201e+07 4.25836e+07
291.526 0.0203475 -3.55258e+09 4.68549e+07 6.9713e+07 4.22303e+07
291.373 0.0231074 -3.81354e+09 4.97682e+07 2.49849e+07 4.2167e+07
291.619 0.0194584 -3.67075e+09 4.84523e+07 3.10183e+07 4.59401e+07
291.486 0.0161641 -3.87567e+09 4.40432e+07 1.06995e+08 4.64094e+07
291.597 0.0225784 -3.78442e+09 4.6396e+07 5.40635e+07 4.41834e+07
291.557 0.0189393 -3.65571e+09 5.35398e+07 -7.5207e+07 4.24198e+07
291.544 0.0192647 -3.67947e+09 3.46563e+07 -7.95747e+07 4.31215e+07
291.895 0.0198073 -3.84003e+09 4.61921e+07 -7.98085e+07 4.51442e+07
291.855 0.0263932 -3.79793e+09 4.07663e+07 -1.62488e+07 3.51898e+07
291.946 0.0236654 -3.85811e+09 4.78211e+07 1.94388e+08 4.84661e+07
291.981 0.0240188 -3.6056e+09 4.63342e+07 2.00354e+08 4.12575e+07
292.06 0.0276108 -3.71613e+09 4.99265e+07 2.09023e+08 4.76017e+07
291.963 0.0179253 -3.77886e+09 4.39768e+07 2.24342e+08 3.98136e+07
292.085 0.034819 -3.82067e+09 5.08238e+07 1.51836e+08 4.06375e+07
292.228 0.0272742 -3.61749e+09 4.94914e+07 -7.99459e+07 4.24805e+07
291.866 0.0202126 -3.6391e+09 3.64296e+07 -3.29284e+07 4.2811e+07
291.91 0.0187331 -3.71354e+09 4.84788e+07 6.0752e+06 4.51899e+07
292.351 0.0191384 -3.71666e+09 4.28439e+07 2.04298e+07 4.02013e+07
292.218 0.015413 -4.05546e+09 3.92282e+07 1.84383e+07 3.90631e+07
292.289 0.0174075 -3.78467e+09 3.44098e+07 5.38895e+07 4.67991e+07
292.39 0.021256 -3.73682e+09 4.77958e+07 -6.35663e+07 4.42973e+07
292.662 0.0215454 -3.57406e+09 4.84382e+07 1.42567e+07 4.11113e+07
292.563 0.0200524 -3.77783e+09 4.103e+07 -5.71565e+07 4.05079e+07
292.463 0.0214253 -3.8216e+09 4.67173e+07 1.89973e+07 3.68891e+07
292.613 0.026941 -3.70483e+09 3.85769e+07 2.33708e+07 4.28331e+07
292.508 0.0231244 -3.6901e+09 4.64266e+07 6.68111e+07 4.84102e+07
292.317 0.0153182 -3.68234e+09 3.77041e+07 2.32568e+07 4.78156e+07
292.87 0.0238869 -3.76709e+09 4.79069e+07 1.45787e+07 4.02727e+07
292.7 0.0218491 -4.0035e+09 4.49482e+07 5.72506e+07 3.99776e+07
292.904 0.0216023 -3.7047e+09 4.70841e+07 -7.71627e+07 4.00561e+07
293.045 0.0180307 -3.65605e+09 4.14343e+07 -1.10738e+08 4.30393e+07
292.879 0.0287337 -3.72907e+09 4.80905e+07 -1.00045e+08 3.62302e+07
292.913 0.0135302 -3.72451e+09 3.53125e+07 -3.47308e+07 3.65267e+07
292.896 0.0158952 -3.83855e+09 3.68237e+07 -2.20098e+07 4.8798e+07
292.715 0.0453687 -3.72657e+09 4.94227e+07 167558 5.04125e+07
292.853 0.0230772 -3.57129e+09 4.31375e+07 -1.82826e+06 4.91613e+07
292.686 0.0213693 -3.70499e+09 3.28187e+07 -1.70037e+07 3.71289e+07
293.223 0.0192662 -3.84998e+09 4.12728e+07 4.71735e+07 4.52696e+07
293.356 0.0263482 -3.8381e+09 4.82585e+07 -4.77832e+07 4.02978e+07
293.279 0.0256948 -3.69563e+09 3.90113e+07 -5.56498e+06 3.83679e+07
293.261 0.0154926 -3.64019e+09 3.13068e+07 -5.9449e+07 3.8719e+07
293.234 0.0199506 -3.72436e+09 2.92765e+07 -4.44747e+07 3.20738e+07
293.439 0.0199721 -3.7594e+09 3.49716e+07 2.79847e+07 3.44854e+07
293.289 0.0168068 -3.87698e+09 3.68672e+07 -2.15762e+07 3.55805e+07
293.266 0.016846 -3.64822e+09 4.10275e+07 -1.11017e+08 3.29991e+07
293.207 0.0299853 -3.69656e+09 4.3773e+07 -1.25608e+08 2.8084e+07
293.257 0.0175886 -3.68496e+09 4.02043e+07 -2.15079e+07 3.8757e+07
293.706 0.0168631 -3.73534e+09 3.46713e+07 -1.25325e+08 3.67432e+07
293.8 0.0205507 -3.77314e+09 4.17921e+07 -9.50732e+07 3.54988e+07
293.768 0.0222001 -3.79989e+09 3.89907e+07 -8.54743e+07 3.32794e+07
293.845 0.0186102 -3.49719e+09 3.30289e+07 13894.6 3.31293e+07
293.846 0.0157325 -3.85382e+09 3.89361e+07 -1.4471e+07 3.69639e+07
293.872 0.0181122 -3.71586e+09 4.13003e+07 4.74198e+06 3.52026e+07
293.765 0.0182781 -3.75194e+09 4.23347e+07 -1.43807e+07 3.93095e+07
293.756 0.019132 -3.71072e+09 4.27921e+07 -5.75608e+07 3.81324e+07
293.699 0.0192764 -3.67422e+09 3.94072e+07 3.83089e+07 3.56826e+07
293.811 0.0162934 -3.73839e+09 3.73225e+07 -4.35187e+07 3.1451e+07
294.423 0.0161017 -3.65447e+09 3.62105e+07 -2.09414e+07 3.10313e+07
294.214 0.0152388 -3.74994e+09 3.73928e+07 -6.4282e+07 3.43796e+07
294.267 0.014833 -3.71627e+09 3.40101e+07 -1.40135e+08 4.01993e+07
294.302 0.0167102 -3.60718e+09 3.54968e+07 -5.58502e+07 2.87452e+07
294.185 0.0182263 -3.84266e+09 3.00154e+07 6.15571e+07 3.23195e+07
294.275 0.016925 -3.72986e+09 3.64736e+07 -3.68802e+07 3.70124e+07
294.233 0.0244075 -3.68996e+09 4.55777e+07 -8.95617e+07 3.11545e+07
294.096 0.0251222 -3.79183e+09 3.66391e+07 2.90246e+07 4.23824e+07
294.165 0.0203423 -3.68624e+09 3.02256e+07 -733043 3.71381e+07
294.098 0.014981 -3.73478e+09 3.56938e+07 4.55188e+07 3.58807e+07
294.83 0.0133149 -3.65436e+09 4.5332e+07 2.54503e+07 3.5866e+07
294.757 0.0191231 -3.69413e+09 3.91224e+07 -1.32756e+08 3.58401e+07
294.634 0.0145534 -3.71434e+09 3.13824e+07 -6.51749e+07 4.15318e+07
294.597 0.0148723 -3.71719e+09 3.31161e+07 5.67726e+07 2.96762e+07
294.78 0.0206861 -3.78026e+09 2.63425e+07 -1.81428e+07 3.35334e+07
294.902 0.0209291 -3.68765e+09 3.58624e+07 -1.51775e+07 3.10147e+07
294.624 0.0255826 -3.66427e+09 4.10608e+07 -1.32335e+07 3.63265e+07
294.653 0.017134 -3.79968e+09 3.33365e+07 3.4939e+07 3.53606e+07
294.678 0.0227878 -3.63619e+09 3.50927e+07 -2.7642e+07 2.6188e+07
294.718 0.0192933 -3.66891e+09 2.8559e+07 -3.06001e+07 3.46598e+07
295.167 0.0128077 -3.62709e+09 3.58828e+07 -6.79699e+07 2.94627e+07
294.984 0.0127393 -3.76085e+09 2.5669e+07 6.86501e+06 3.12898e+07
295.133 0.0160975 -3.77885e+09 3.15142e+07 -4.65121e+06 3.1732e+07
295.217 0.0133933 -3.64405e+09 2.63654e+07 -2.80344e+07 3.77515e+07
295.105 0.0185687 -3.79926e+09 2.70014e+07 -6.01695e+07 2.55167e+07
295.142 0.0191523 -3.73844e+09 3.02822e+07 7.52515e+07 2.68662e+07
295.111 0.017394 -3.67133e+09 3.30983e+07 -3.06691e+07 2.82233e+07
295.121 0.0141584 -3.7104e+09 3.55663e+07 -4.96539e+07 2.98476e+07
295.178 0.0173017 -3.73673e+09 3.97627e+07 2.70988e+07 2.82237e+07
295.19 0.0126279 -3.63419e+09 2.48504e+07 4.11516e+07 3.42612e+07
295.588 0.0113665 -3.6286e+09 2.99121e+07 -8.59986e+07 2.76722e+07
295.657 0.0154344 -3.75482e+09 3.0618e+07 -8.84122e+07 2.71607e+07
295.63 0.0134383 -3.73628e+09 3.23226e+07 -6.97479e+06 2.91066e+07
295.622 0.0154961 -3.70227e+09 3.31948e+07 1.47636e+07 2.9412e+07
295.532 0.0219993 -3.73916e+09 3.28941e+07 6.38773e+07 3.11137e+07
295.413 0.0143759 -3.7036e+09 2.7583e+07 -2.71673e+07 2.58178e+07
295.56 0.0162093 -3.76775e+09 2.98433e+07 -2.16163e+07 2.8161e+07
295.632 0.0173151 -3.74745e+09 3.53739e+07 -1.67663e+06 2.84816e+07
295.733 0.0204984 -3.6637e+09 2.40062e+07 -5.15872e+06 2.83349e+07
295.664 0.0157436 -3.58592e+09 2.64414e+07 -1.72717e+07 3.09298e+07
296.205 0.0136874 -3.60512e+09 2.70635e+07 1.96641e+07 2.43392e+07
296.066 0.0132442 -3.78882e+09 2.83424e+07 -7.05235e+07 2.00623e+07
296.038 0.0129385 -3.7274e+09 2.47148e+07 -5.23077e+07 2.73191e+07
296.132 0.0172443 -3.71814e+09 3.32034e+07 -4.38059e+07 2.2655e+07
296.142 0.0166607 -3.67842e+09 2.61874e+07 2.53304e+07 1.80693e+07
295.975 0.0131154 -3.74873e+09 2.52187e+07 4.3483e+07 2.29426e+07
295.99 0.0131482 -3.77772e+09 2.6198e+07 -3.034e+07 3.10409e+07
296.089 0.0241792 -3.69009e+09 3.10765e+07 -3.99657e+07 2.82131e+07
296.105 0.017463 -3.68394e+09 2.17947e+07 -3.83737e+07 2.61049e+07
296.206 0.00984524 -3.59118e+09 2.5346e+07 -4.53601e+07 2.41738e+07
