Steady State Results from "linear_demo.json" @ 2022-11-26 17:13:00 - Time Taken 18.1199[s]
307.557 0.00724909 2.13563e+09 1.28831e+07 -1.21404e+06 1.30992e+07
306.566 0.0059469 2.12816e+09 1.47992e+07 -5.44255e+06 1.20783e+07
305.659 0.00658004 2.12269e+09 1.20289e+07 3.24966e+07 1.42964e+07
304.784 0.00810515 2.12279e+09 1.20307e+07 -7.4227e+06 1.29059e+07
303.966 0.00570664 2.12788e+09 1.25043e+07 -3.06048e+07 1.10624e+07
303.169 0.0071389 2.14948e+09 1.28896e+07 -3.21655e+06 1.12089e+07
302.378 0.00665169 2.122e+09 1.28947e+07 1.88719e+07 1.19763e+07
301.616 0.00672958 2.11826e+09 1.31765e+07 -1.84814e+07 1.12018e+07
300.885 0.00712422 2.13469e+09 1.2568e+07 -3.72818e+06 1.30683e+07
300.155 0.00576745 2.11167e+09 1.2675e+07 -1.00802e+07 1.21152e+07
299.468 0.0068993 2.10915e+09 1.30292e+07 9.6613e+06 1.12824e+07
298.724 0.00570365 2.11344e+09 1.2748e+07 2.20965e+07 1.42667e+07
298.06 0.00609564 2.10651e+09 1.32699e+07 9.13774e+06 1.26251e+07
297.299 0.00706105 2.1113e+09 1.23477e+07 -2.98566e+06 1.24339e+07
296.547 0.00661921 2.12721e+09 1.27019e+07 8.64839e+06 1.18703e+07
295.774 0.00582721 2.13843e+09 1.29398e+07 -3.79809e+07 1.2795e+07
294.979 0.00581736 2.11618e+09 1.22573e+07 -1.59951e+07 1.20161e+07
294.216 0.00671241 2.11198e+09 1.20403e+07 -5.27519e+06 1.35611e+07
293.386 0.00721316 2.11679e+09 1.38588e+07 -6.62122e+06 1.45248e+07
292.512 0.00659067 2.1172e+09 1.33265e+07 1.32961e+06 1.31167e+07
